0.0 4824
1.32399 5360
1.36647 5896
1.39007 6432
1.41839 6968
1.63255 7504
1.87809 8040
1.91585 8576
1.92529 9112
1.96777 9648
2.02527 10184
2.09222 10720
2.18662 11256
2.43206 11792
2.47454 12328
2.48398 12864
2.54534 13400
2.59726 13936
2.63502 14472
2.65862 15008
2.66806 15544
2.69166 16080
2.7483 16616
2.92766 17152
2.94182 17688
2.99374 18224
3.02206 18760
3.03622 19296
3.11174 19832
3.16366 20368
3.1731 20904
3.20614 21440
3.22502 21976
3.23446 22512
3.25334 23048
3.30054 23584
3.34774 24120
3.35718 24656
3.49406 25192
3.5035 25728
3.55542 26264
3.6215 26800
3.65926 27336
3.6687 27872
3.75391 27872
3.75391 13400
4.80622 13421
4.85814 13442
5.0723 13463
5.16022 13484
5.22158 13505
5.28766 13526
5.3207 13547
5.36318 13568
5.48169 13568
5.48169 5896
6.62342 5944
6.84526 5992
6.85942 6039
6.92078 6086
7.00102 6133
7.06238 6179
7.13318 6225
7.19454 6271
7.20398 6316
7.29838 6361
7.45414 6406
7.56742 6450
7.69958 6494
7.78454 6538
7.85534 6581
7.97334 6624
8.07246 6667
8.08662 6710
8.19518 6752
8.27542 6794
8.37454 6836
8.49254 6878
8.58694 6919
8.6011 6960
8.6955 7001
8.82294 7042
8.95038 7082
9.06366 7122
9.15806 7162
9.17222 7202
9.25246 7241
9.34214 7280
9.46958 7319
9.57814 7358
9.65366 7397
9.68198 7435
9.74806 7473
9.8519 7511
9.99822 7549
10.1162 7587
10.1823 7624
10.1965 7661
10.2673 7698
10.3758 7735
10.39 7772
10.5552 7808
10.6732 7844
10.7204 7880
10.7345 7916
10.8101 7952
10.9328 7988
10.9517 8023
11.1357 8058
11.2396 8093
11.2726 8128
11.2868 8163
11.3717 8198
11.5039 8233
11.57 8267
11.7069 8301
11.806 8335
11.8485 8369
11.8673 8403
11.9381 8437
12.075 8471
12.1364 8504
12.2827 8537
12.3771 8570
12.4196 8603
12.4621 8636
12.5093 8669
12.6461 8702
12.7028 8735
12.8585 8767
12.9246 8799
12.9577 8831
12.9765 8863
13.019 8895
13.0709 8927
13.2078 8959
13.2739 8991
13.4438 9022
13.4863 9053
13.5288 9084
13.6562 9115
13.6657 9146
13.7317 9177
13.7884 9208
13.8497 9239
14.0149 9270
14.0574 9300
14.1046 9330
14.2273 9360
14.2745 9390
14.2981 9420
14.3595 9450
14.4397 9480
14.5813 9510
14.638 9540
14.7229 9570
14.7937 9600
14.8409 9629
14.9165 9658
14.9353 9687
15.0061 9716
15.1525 9745
15.2044 9774
15.2988 9803
15.3601 9832
15.4404 9861
15.4876 9890
15.5159 9919
15.6339 9947
15.6433 9975
15.7236 10003
15.7897 10031
15.8699 10059
15.936 10087
16.0115 10115
16.1484 10143
16.1578 10171
16.2569 10199
16.3183 10227
16.3749 10255
16.4363 10283
16.4457 10310
16.5165 10337
16.5826 10364
16.7195 10391
16.8092 10418
16.8281 10445
16.9036 10472
16.9413 10499
17.0027 10526
17.0263 10553
17.0924 10580
17.149 10607
17.2623 10634
17.3284 10661
17.3473 10687
17.4086 10713
17.4558 10739
17.5172 10765
17.5455 10791
17.6069 10817
17.6729 10843
17.7957 10869
17.8665 10895
17.8901 10921
17.9514 10947
17.9986 10973
18.0128 10999
18.0647 11025
18.0977 11051
18.1449 11076
18.2252 11101
18.3526 11126
18.4281 11151
18.4565 11176
18.5225 11201
18.5603 11226
18.5697 11251
18.6311 11276
18.6641 11301
18.7019 11326
18.801 11351
18.919 11376
19.004 11401
19.0889 11426
19.1078 11451
19.1314 11476
19.1975 11501
19.2069 11525
19.2494 11549
19.3155 11573
19.3816 11597
19.4996 11621
19.5704 11645
19.6553 11669
19.7214 11693
19.7639 11717
19.8017 11741
19.83 11765
19.8772 11789
19.9385 11813
20.0141 11837
20.0801 11861
20.1557 11885
20.2217 11909
20.2925 11933
20.3822 11957
20.4625 11981
20.5285 12004
20.538 12027
20.6468 12027
20.6468 5360
21.5953 5413
21.6141 5466
21.7133 5518
21.7888 5570
21.9068 5621
22.1428 5672
22.1617 5722
22.2561 5772
22.3363 5821
22.459 5870
22.695 5918
22.7139 5966
22.8177 6014
22.9074 6061
23.0301 6108
23.2661 6155
23.3558 6201
23.3841 6247
23.4738 6292
23.5965 6337
23.8013 6382
23.8373 6427
23.9317 6471
24.0308 6515
24.0733 6559
24.1724 6602
24.4367 6645
24.4981 6688
24.5075 6730
24.6585 6772
24.6916 6814
24.7482 6856
25.0078 6897
25.0692 6938
25.0975 6979
25.2344 7020
25.3288 7060
25.3949 7100
25.5837 7140
25.6828 7180
25.7111 7220
25.8008 7259
25.8952 7298
25.9896 7337
26.1501 7376
26.2492 7414
26.3153 7452
26.3813 7490
26.4663 7528
26.556 7566
26.707 7603
26.8156 7640
26.8817 7677
26.9666 7714
27.0421 7751
27.0516 7788
27.1271 7824
27.2876 7860
27.3914 7896
27.5141 7932
27.5425 7968
27.6133 8004
27.6793 8039
27.6982 8074
27.8587 8109
27.9673 8144
28.0947 8179
28.2127 8214
28.2363 8248
28.2977 8282
28.3873 8316
28.4817 8350
28.5478 8384
28.6611 8418
28.7838 8452
28.8499 8485
28.8971 8518
28.9537 8551
29.0481 8584
29.1284 8617
29.2275 8650
29.3502 8683
29.4163 8716
29.4729 8748
29.5532 8780
29.6429 8812
29.6995 8844
29.7184 8876
29.8175 8908
29.9308 8940
29.9921 8972
30.129 9004
30.1385 9035
30.2187 9066
30.2989 9097
30.3839 9128
30.4689 9159
30.5019 9190
30.6293 9221
30.6954 9252
30.7143 9283
30.7709 9313
30.8323 9343
30.9031 9373
30.9833 9403
31.0258 9433
31.1533 9463
31.2241 9493
31.2524 9523
31.3043 9553
31.3562 9583
31.4365 9612
31.512 9641
31.5403 9670
31.6866 9699
31.7621 9728
31.8046 9757
31.8565 9786
31.899 9815
31.9887 9844
32.0595 9873
32.0831 9902
32.102 9931
32.2813 9959
32.3474 9987
32.3899 10015
32.4277 10043
32.5409 10071
32.5645 10099
32.6306 10127
32.6542 10155
32.7628 10183
32.8525 10211
32.9185 10239
33.0318 10267
33.0413 10294
33.1121 10321
33.2159 10348
33.2253 10375
33.2725 10402
33.3622 10429
33.4236 10456
33.4991 10483
33.5982 10510
33.6077 10537
33.6785 10564
33.7823 10591
33.7917 10618
33.8389 10645
33.9286 10671
34.0041 10697
34.0797 10723
34.1646 10749
34.1741 10775
34.259 10801
34.3487 10827
34.3581 10853
34.4289 10879
34.495 10905
34.5705 10931
34.6177 10957
34.6319 10983
34.6933 11009
34.7121 11035
34.8065 11061
34.8915 11086
34.9104 11111
34.9812 11136
35.0331 11161
35.1322 11186
35.1605 11211
35.1841 11236
35.2549 11261
35.2785 11286
35.3635 11311
35.4485 11336
35.4721 11361
35.5334 11386
35.5901 11411
35.6845 11436
35.7033 11461
35.7317 11486
35.8072 11511
35.8355 11535
35.9205 11559
35.996 11583
36.0243 11607
36.0951 11631
36.1423 11655
36.232 11679
36.2509 11703
36.2792 11727
36.3594 11751
36.3925 11775
36.4869 11799
36.5529 11823
36.5813 11847
36.6615 11871
36.7087 11895
36.7984 11919
36.8314 11943
36.8503 11967
36.9589 11991
37.0438 12014
37.0533 12037
37.1241 12060
37.1949 12083
37.2468 12106
37.3129 12129
37.3223 12152
37.3978 12175
37.5064 12198
37.5772 12221
37.5866 12244
37.6763 12267
37.7377 12290
37.8321 12313
37.9123 12336
37.9312 12359
38.0969 12359
38.0969 5628
39.0781 5679
39.1442 5729
39.2292 5779
39.3141 5828
39.5124 5877
39.5737 5925
39.6493 5973
39.7059 6021
39.7909 6068
40.0033 6115
40.0457 6161
40.1213 6207
40.1826 6253
40.2629 6298
40.4723 6343
40.4894 6388
40.5319 6432
40.6121 6476
40.6735 6520
40.7679 6564
40.9756 6607
41.0228 6650
41.0369 6693
41.1219 6735
41.188 6777
41.2871 6819
41.5042 6861
41.542 6902
41.5656 6943
41.6553 6984
41.7166 7025
41.8346 7065
42.0376 7105
42.0753 7145
42.0989 7185
42.2028 7224
42.2736 7263
42.3916 7302
42.5898 7341
42.6276 7380
42.6512 7418
42.7456 7456
42.8353 7494
42.9627 7532
43.1468 7570
43.1845 7607
43.227 7644
43.312 7681
43.4017 7718
43.5385 7755
43.548 7792
43.7179 7828
43.7934 7864
43.8123 7900
43.8831 7936
43.9728 7972
44.1191 8008
44.2182 8043
44.289 8078
44.3645 8113
44.4825 8148
44.492 8183
44.5581 8218
44.6902 8252
44.7893 8286
44.8554 8320
44.9168 8354
45.0253 8388
45.0489 8422
45.1056 8456
45.2472 8489
45.3416 8522
45.4124 8555
45.4737 8588
45.5681 8621
45.6012 8654
45.6531 8687
45.7994 8720
45.9033 8752
45.9788 8784
46.0401 8816
46.0496 8848
46.1393 8880
46.2337 8912
46.2573 8944
46.3705 8976
46.4744 9008
46.6018 9039
46.6113 9070
46.6679 9101
46.7387 9132
46.8048 9163
46.9181 9194
46.9417 9225
47.0455 9256
47.1824 9287
47.2343 9317
47.2532 9347
47.324 9377
47.3853 9407
47.4845 9437
47.5553 9467
47.6402 9497
47.7488 9527
47.796 9557
47.8196 9587
47.8857 9616
47.9376 9645
48.032 9674
48.1264 9703
48.1877 9732
48.2585 9761
48.2774 9790
48.2963 9819
48.3577 9848
48.4096 9877
48.5229 9906
48.5417 9935
48.6267 9963
48.6881 9991
48.7353 10019
48.7447 10047
48.773 10075
48.8438 10103
48.9005 10131
49.0043 10159
49.0279 10187
49.1034 10215
49.1695 10243
49.212 10271
49.2309 10298
49.2639 10325
49.3489 10352
49.4149 10379
49.4999 10406
49.5282 10433
49.6037 10460
49.6604 10487
49.7123 10514
49.7312 10541
49.7689 10568
49.8681 10595
49.9247 10622
