0.0 1608
1.45309 2144
1.66253 2680
2.1683 3216
2.35819 3752
2.56291 4288
2.87739 4824
2.99539 5360
3.01899 5896
3.25971 6432
3.59483 6968
3.70811 7504
3.71755 8040
3.75531 8576
3.96003 9112
3.98659 9648
4.19131 10184
4.27451 10720
4.37835 11256
4.38779 11792
4.39723 12328
4.40667 12864
4.41611 13400
4.55299 13936
4.59075 14472
4.80019 15008
4.82203 15544
4.89283 16080
5.02971 16616
5.04387 17152
5.05803 17688
5.07691 18224
5.09579 18760
5.10995 19296
5.12883 19832
5.14771 20368
5.27043 20904
5.30819 21440
5.32235 21976
5.52059 22512
5.62915 23048
5.63859 23584
5.68107 24120
5.74715 24656
5.78963 25192
5.79907 25728
5.85571 26264
5.94565 26264
5.94565 12596
7.11123 12618
7.13483 12640
7.19147 12662
7.21035 12684
7.31419 12706
7.37555 12728
7.48411 12750
7.49827 12772
7.68707 12794
7.69651 12816
7.71539 12838
7.72955 12860
7.77675 12882
7.79091 12904
7.84755 12926
7.86643 12948
7.88059 12970
7.90891 12992
8.01275 13014
8.04107 13036
8.10715 13058
8.20627 13080
8.40923 13101
8.47059 13122
8.52723 13143
8.58387 13164
8.64995 13185
8.65939 13206
8.77293 13206
8.77293 5896
9.90075 5944
9.95739 5992
10.0093 6039
10.0329 6086
10.1368 6133
10.3698 6179
10.571 6225
10.6324 6271
10.689 6316
10.7173 6361
10.8306 6406
11.2336 6450
11.2507 6494
11.312 6538
11.3876 6581
11.4253 6624
11.548 6667
11.9068 6710
11.9351 6752
12.0059 6794
12.0956 6836
12.1428 6878
12.2655 6919
12.6242 6960
12.695 7001
12.7328 7042
12.8177 7082
12.9593 7122
12.9829 7162
13.3416 7202
13.4219 7241
13.5068 7280
13.5304 7319
13.672 7358
13.7287 7397
13.9995 7435
14.0591 7473
14.2196 7511
14.229 7549
14.2998 7587
14.3895 7624
14.5216 7661
14.7718 7698
14.9417 7735
14.9512 7772
15.0172 7808
15.0692 7844
15.1069 7880
15.2391 7916
15.4704 7952
15.6356 7988
15.6497 8023
15.7347 8058
15.796 8093
15.8244 8128
15.9565 8163
16.1831 8198
16.3483 8233
16.3672 8267
16.4616 8301
16.5182 8335
16.5701 8369
16.674 8403
16.8787 8437
16.9005 8471
17.0657 8504
17.212 8537
17.2215 8570
17.2828 8603
17.3395 8636
17.3914 8669
17.651 8702
17.7784 8735
17.9248 8767
17.9342 8799
17.9956 8831
18.0711 8863
18.1419 8895
18.1513 8927
18.3637 8959
18.4817 8991
18.6092 9022
18.6233 9053
18.6658 9084
18.746 9115
18.8263 9146
18.8357 9177
19.0576 9208
19.1708 9239
19.3077 9270
19.3266 9300
19.3644 9330
19.4493 9360
19.5107 9390
19.5296 9420
19.7372 9450
19.8552 9480
20.0204 9510
20.044 9540
20.0724 9570
20.1573 9600
20.2187 9629
20.2517 9658
20.4358 9687
20.568 9716
20.7426 9745
20.7662 9774
20.8417 9803
20.8795 9832
20.9314 9861
20.9975 9890
21.0588 9919
21.1532 9947
21.2854 9975
21.46 10003
21.5828 10031
21.6016 10059
21.6677 10087
21.748 10115
21.781 10143
21.866 10171
21.8754 10199
22.0028 10227
22.1775 10255
22.3002 10283
22.3899 10310
22.4135 10337
22.489 10364
22.5504 10391
22.5834 10418
22.6589 10445
22.725 10472
22.8713 10499
22.994 10526
23.0554 10553
23.079 10580
23.1687 10607
23.2253 10634
23.2536 10661
23.3197 10687
23.3716 10713
23.5274 10739
23.6501 10765
23.6926 10791
23.7162 10817
23.7964 10843
23.8672 10869
23.8956 10895
23.9616 10921
24.0136 10947
24.1599 10973
24.1788 10999
24.3062 11025
24.3487 11051
24.377 11076
24.462 11101
24.5233 11126
24.5564 11151
24.6319 11176
24.6838 11201
24.8443 11226
24.8584 11251
25.0142 11276
25.0425 11301
25.0756 11326
25.1558 11351
25.2124 11376
25.2549 11401
25.3257 11426
25.3871 11451
25.5476 11476
25.5712 11501
25.7316 11525
25.7505 11549
25.7836 11573
25.8544 11597
25.9157 11621
25.9676 11645
26.0384 11669
26.0998 11693
26.265 11717
26.2933 11741
26.4538 11765
26.4632 11789
26.5152 11813
26.5624 11837
26.6284 11861
26.6898 11885
26.7512 11909
26.8125 11933
26.9777 11957
27.0532 11981
27.1665 12004
27.176 12027
27.2279 12050
27.2373 12073
27.2987 12096
27.3459 12119
27.4072 12142
27.563 12165
27.5724 12188
27.6952 12211
27.7707 12234
27.884 12257
27.95 12280
27.9595 12303
28.035 12326
28.0822 12349
28.1577 12372
28.2144 12395
28.2757 12418
28.2899 12441
28.422 12464
28.4976 12487
28.6014 12510
28.6722 12532
28.71 12554
28.7524 12576
28.7949 12598
28.8752 12620
28.9365 12642
29.0073 12664
29.0781 12686
29.1489 12708
29.2103 12730
29.3141 12752
29.3896 12774
29.451 12796
29.5218 12818
29.6115 12840
29.6681 12862
29.6917 12884
29.7625 12906
29.8616 12928
29.9608 12950
30.0316 12972
30.041 12994
30.1401 13016
30.1968 13038
30.2817 13060
30.3242 13081
30.4044 13102
30.4941 13123
30.5696 13144
30.6546 13165
30.6735 13186
30.7396 13207
30.8009 13228
30.9048 13249
30.9425 13270
30.952 13291
31.0464 13312
31.0888 13333
31.1832 13354
31.2116 13375
31.2965 13396
31.372 13417
31.4664 13438
31.4995 13459
31.5561 13480
31.6364 13501
31.726 13522
31.7496 13543
31.8157 13564
31.8252 13585
31.8912 13606
31.9432 13627
32.014 13648
32.0895 13669
32.1792 13690
32.2547 13710
32.2688 13730
32.3585 13750
32.4435 13770
32.486 13790
32.5284 13810
32.5379 13830
32.604 13850
32.6653 13870
32.7314 13890
32.8022 13910
32.8966 13930
32.9768 13950
32.9863 13970
33.0712 13990
33.1704 14010
33.2364 14030
33.3261 14050
33.378 14070
33.4774 14090
33.4868 14090
33.4868 6432
34.5816 6476
34.7091 6520
34.7232 6564
34.7799 6607
34.9026 6650
34.9545 6693
35.2566 6735
35.3982 6777
35.4171 6819
35.4832 6861
35.6295 6902
35.6767 6943
35.9552 6984
36.1062 7025
36.1392 7065
36.1959 7105
36.3516 7145
36.4602 7185
36.682 7224
36.8236 7263
36.885 7302
36.9605 7341
37.0644 7380
37.1729 7418
37.3776 7456
37.4089 7494
37.5458 7532
37.6072 7570
37.6874 7607
37.7865 7644
37.8904 7681
38.1311 7718
38.2727 7755
38.2821 7792
38.3482 7828
38.4048 7864
38.504 7900
38.6078 7936
38.8108 7972
38.9712 8008
38.9854 8043
39.0468 8078
39.1128 8113
39.1978 8148
39.3016 8183
39.514 8218
39.6887 8252
39.7359 8286
39.7595 8320
39.8256 8354
39.9105 8388
40.0144 8422
40.2191 8456
40.2315 8489
40.4061 8522
40.4911 8555
40.543 8588
40.6091 8621
40.6563 8654
40.7318 8687
40.9772 8720
41.1188 8752
41.2227 8784
41.284 8816
41.369 8848
41.4492 8880
41.52 8912
41.5295 8944
41.6947 8976
41.8363 9008
41.9448 9039
42.0864 9070
42.1053 9101
42.1761 9132
42.2422 9163
42.2988 9194
42.4074 9225
42.5443 9256
42.6245 9287
42.7897 9317
42.8086 9347
42.8888 9377
42.9455 9407
43.0021 9437
43.0918 9467
43.2476 9497
43.3136 9527
43.4883 9557
43.5119 9587
43.6016 9616
43.6488 9645
43.7054 9674
43.7762 9703
43.9744 9732
44.0311 9761
44.201 9790
44.2624 9819
44.3237 9848
44.3851 9877
44.4512 9906
44.4606 9935
44.522 9963
44.673 9991
44.7391 10019
44.9184 10047
44.9798 10075
45.0412 10103
45.1356 10131
45.1733 10159
45.2347 10187
45.2441 10215
45.3999 10243
45.4565 10271
45.6453 10298
45.7492 10325
45.7586 10352
45.853 10379
45.9427 10406
45.9521 10433
46.0371 10460
46.122 10487
46.1692 10514
46.358 10541
46.4619 10568
46.4713 10595
46.5657 10622
46.6696 10649
46.679 10675
46.7498 10701
46.8442 10727
46.882 10753
47.066 10779
47.1746 10805
47.184 10831
47.2784 10857
47.387 10883
47.3964 10909
47.472 10935
47.5569 10961
47.5664 10987
47.6324 11013
47.7835 11039
47.8968 11065
47.9345 11090
47.9959 11115
48.1044 11140
48.1658 11165
48.1941 11190
48.2791 11215
48.3027 11240
48.3499 11265
48.5009 11290
48.6142 11315
48.7747 11340
48.7841 11365
48.8596 11390
48.921 11415
48.9918 11440
49.0484 11465
49.0579 11490
49.124 11515
49.2184 11539
49.3269 11563
49.4874 11587
49.4968 11611
49.5724 11635
49.6337 11659
49.714 11683
49.7564 11707
49.7706 11731
49.8272 11755
49.9264 11779
50.0302 11803
50.1812 11827
50.2001 11851
50.2615 11875
50.3276 11899
50.3984 11923
50.4314 11947
50.455 11971
50.4975 11994
50.5966 12017
50.7193 12040
50.7382 12063
50.8845 12086
50.9081 12109
50.96 12132
51.0261 12155
51.0969 12178
51.13 12201
51.163 12224
51.2102 12247
51.3046 12270
51.4415 12293
51.4745 12316
51.602 12339
51.6775 12362
51.7105 12385
51.7624 12408
51.8144 12431
51.904 12454
51.9276 12477
51.9796 12500
52.0315 12522
52.1589 12544
52.2722 12566
52.3194 12588
52.3902 12610
52.428 12632
52.4893 12654
52.5412 12676
52.6309 12698
52.6404 12720
52.7017 12742
52.7584 12764
52.8716 12786
52.9849 12808
53.0321 12830
53.1076 12852
53.169 12874
53.2492 12896
53.3012 12918
53.3814 12940
53.3908 12962
53.4664 12984
53.5702 13006
53.6599 13028
53.7354 13050
53.7448 13072
53.8251 13093
53.9053 13114
53.962 13135
53.9714 13156
54.0422 13177
54.0988 13198
54.1696 13219
54.1838 13240
54.3065 13261
54.3868 13282
54.4528 13303
54.4906 13324
54.552 13345
54.6228 13366
54.6794 13387
54.6983 13408
54.736 13429
54.8068 13450
54.8871 13471
54.9012 13492
55.0004 13513
55.0948 13534
55.1467 13555
55.1986 13576
55.2647 13597
55.3308 13618
55.3874 13639
55.411 13660
55.4488 13681
55.5101 13701
55.5998 13721
55.6281 13741
55.7178 13761
55.8169 13781
55.8641 13801
55.9255 13821
55.9963 13841
56.0624 13861
56.1096 13881
56.1473 13901
56.2134 13921
56.2606 13941
56.3125 13961
56.3456 13981
56.44 14001
56.5344 14021
56.5768 14041
56.6429 14061
56.7184 14081
56.8128 14101
56.8884 14121
56.9592 14141
57.0488 14161
57.0583 14181
57.096 14201
57.2001 6432
58.3232 6476
58.4224 6520
58.4412 6564
58.5026 6607
58.5923 6650
58.6584 6693
58.9132 6735
59.0265 6777
59.0501 6819
59.0926 6861
59.2012 6902
59.2767 6943
59.5221 6984
59.659 7025
59.6779 7065
59.7204 7105
59.8336 7145
59.9186 7185
60.1452 7224
60.282 7263
60.3104 7302
60.3528 7341
60.4803 7380
60.57 7418
60.7794 7456
60.806 7494
60.9476 7532
60.9759 7570
61.0136 7607
61.1364 7644
61.2355 7681
61.4951 7718
61.6367 7755
61.6556 7792
61.6839 7828
61.7169 7864
61.8349 7900
61.9529 7936
62.1984 7972
62.3447 8008
62.3683 8043
62.4013 8078
62.4438 8113
62.5618 8148
62.6704 8183
62.9111 8218
63.0621 8252
63.1046 8286
63.166 8320
63.2179 8354
63.2745 8388
63.3878 8422
63.5925 8456
63.6285 8489
63.7796 8522
63.8787 8555
63.8881 8588
63.9495 8621
64.0344 8654
64.1052 8687
64.3648 8720
64.497 8752
64.5914 8784
64.6008 8816
64.6386 8848
64.6669 8880
64.7566 8912
64.8321 8944
65.054 8976
65.1767 9008
65.2664 9039
65.2852 9070
65.3324 9101
65.356 9132
65.4504 9163
65.5212 9194
65.762 9225
65.8705 9256
65.9649 9287
65.9932 9317
66.0499 9347
66.0688 9377
66.1632 9407
66.2292 9437
66.4387 9467
66.4888 9497
66.588 9527
66.6871 9557
66.7815 9587
66.8004 9616
66.8617 9645
66.8995 9674
66.9467 9703
67.2252 9732
67.3101 9761
67.3998 9790
67.5036 9819
67.5131 9848
67.5744 9877
67.6311 9906
67.7113 9935
67.7774 9963
67.9426 9991
68.0276 10019
68.1314 10047
68.2919 10075
68.3013 10103
68.391 10131
68.4712 10159
68.5515 10187
68.5892 10215
68.66 10243
68.7592 10271
68.8536 10298
69.014 10325
69.0707 10352
69.1084 10379
69.1981 10406
69.2784 10433
69.335 10460
69.3728 10487
69.4766 10514
69.5663 10541
69.7315 10568
69.7928 10595
69.8872 10622
69.9344 10649
70.0147 10675
70.0572 10701
70.1091 10727
70.194 10753
70.2932 10779
70.4442 10805
70.5056 10831
70.6 10857
70.6849 10883
70.7604 10909
70.784 10935
70.8784 10961
70.9634 10987
71.0436 11013
71.1192 11039
71.1758 11065
71.2985 11090
71.3174 11115
71.4165 11140
71.5298 11165
71.5628 11190
71.6195 11215
71.6903 11240
71.7611 11265
71.8366 11290
71.8932 11315
71.9924 11340
72.0301 11365
72.1198 11390
72.2425 11415
72.2661 11440
72.318 11465
72.3936 11490
72.4691 11515
72.521 11539
72.5776 11563
72.6909 11587
72.7476 11611
72.8278 11635
72.9552 11659
72.9788 11683
73.026 11707
73.1016 11731
73.1912 11755
73.2479 11779
73.2904 11803
73.4036 11827
73.4603 11851
73.55 11875
73.6727 11899
73.734 11923
73.8096 11947
73.8473 11971
73.9087 11994
73.97 12017
74.0267 12040
74.1022 12063
74.1211 12086
74.2721 12109
74.2816 12132
74.3901 12155
74.5176 12178
74.527 12201
74.5978 12224
74.6922 12247
74.763 12270
74.8621 12293
74.881 12316
74.9471 12339
75.0273 12362
75.084 12385
75.1123 12408
75.235 12431
75.3058 12454
75.3152 12477
75.4096 12500
75.4804 12522
75.5937 12544
75.6598 12566
75.6692 12588
75.74 12610
75.8061 12632
75.8297 12654
75.9336 12676
75.9996 12698
76.0185 12720
76.094 12742
76.1412 12764
76.2734 12786
76.3442 12808
76.3584 12830
76.4386 12852
76.5236 12874
76.5519 12896
76.6321 12918
76.6888 12940
76.7171 12962
76.7737 12984
76.8351 13006
76.9767 13028
77.0711 13050
77.0805 13072
77.1513 13093
77.2457 13114
77.2552 13135
77.3118 13156
77.3496 13177
77.4109 13198
77.4817 13219
77.5006 13240
77.5667 13261
77.6941 13282
77.7932 13303
77.864 13324
77.8735 13345
77.9632 13366
78.0104 13387
78.0292 13408
78.1331 13429
78.1425 13450
78.218 13471
78.3124 13492
78.388 13513
78.4163 13534
78.5201 13555
78.657 13576
78.6664 13597
78.7136 13618
78.7892 13639
78.8458 13660
78.9308 13681
78.9496 13701
79.0204 13721
79.0724 13741
79.1526 13761
79.2281 13781
79.2376 13801
79.3697 13821
79.3792 13841
79.4311 13861
79.5066 13881
79.5632 13901
79.6529 13921
79.6624 13941
79.7332 13961
79.7851 13981
79.8653 14001
79.955 14021
79.9644 14041
80.0824 14061
80.0919 14081
80.1674 14101
80.2193 14121
80.3043 14141
80.3704 14161
80.3798 14181
80.4506 14201
80.4836 14221
80.5922 14241
80.6016 14261
80.6772 14281
80.7385 14301
80.8093 14321
80.8801 14341
80.8896 14361
80.9792 14381
81.0642 14400
81.0878 14419
81.1492 14438
81.168 14457
81.2719 14476
81.3096 14495
81.3616 14514
81.3993 14533
81.456 14552
81.5362 14571
81.6636 14590
81.6825 14609
81.7392 14628
81.8052 14647
81.876 14666
81.9185 14685
81.928 14704
82.0035 14723
82.0648 14742
82.1356 14761
82.2017 14780
82.2206 14799
82.3056 14818
82.3858 14837
82.3952 14856
82.466 14875
82.5227 14894
82.5888 14913
82.6596 14932
82.7587 14951
82.8248 14970
82.9003 14989
82.9097 15008
82.9994 15027
83.0655 15046
83.1504 15065
83.226 15084
83.2354 15103
83.3678 15103
83.3678 6968
84.4012 7009
84.4579 7049
84.5381 7089
84.6136 7129
84.6561 7169
84.7175 7209
84.9694 7248
85.0526 7287
85.0998 7326
85.18 7365
85.2744 7404
85.3264 7442
85.4019 7480
85.7134 7518
85.7606 7556
85.855 7594
85.973 7631
86.0296 7668
86.1099 7705
86.3335 7742
86.4072 7779
86.445 7815
86.5441 7851
86.6857 7887
86.7471 7923
86.8226 7959
87.0273 7995
87.1294 8030
87.1577 8065
87.2568 8100
87.3984 8135
87.4645 8170
87.54 8205
87.743 8240
87.8563 8274
87.9932 8308
88.0026 8342
88.1112 8376
88.182 8410
88.2622 8444
88.4557 8478
88.569 8511
88.72 8544
88.7295 8577
88.8239 8610
88.9088 8643
88.9749 8676
89.1684 8709
89.2817 8741
89.428 8773
89.4422 8805
89.5177 8837
89.5413 8869
89.6404 8901
89.749 8933
89.8859 8965
89.9992 8997
90.1549 9028
90.2257 9059
90.2352 9090
90.3107 9121
90.3768 9152
90.4664 9183
90.6033 9214
90.7166 9245
90.8582 9276
90.9384 9306
90.9479 9336
91.0234 9366
91.0895 9396
91.1839 9426
91.2783 9456
91.3916 9486
91.5237 9516
91.6134 9546
91.6276 9576
91.6984 9606
91.7692 9635
91.8636 9664
91.9532 9693
92.0618 9722
92.2081 9751
92.3025 9780
92.3261 9809
92.4064 9838
92.4724 9867
92.5763 9896
92.5857 9925
92.6612 9953
92.7745 9981
92.9256 10009
93.0341 10037
93.0624 10065
93.1238 10093
93.1852 10121
93.2937 10149
93.322 10177
93.3787 10205
93.5014 10233
93.643 10261
93.7516 10288
93.8318 10315
93.8412 10342
93.9073 10369
94.0112 10396
94.1339 10423
94.1433 10450
94.2283 10477
94.3557 10504
94.4643 10531
94.5445 10558
94.5964 10585
94.7097 10612
94.79 10639
94.8466 10666
94.856 10692
94.941 10718
95.0732 10744
95.177 10770
95.2667 10796
95.3092 10822
95.4224 10848
95.5027 10874
95.5404 10900
95.5593 10926
95.6443 10952
95.7576 10978
95.7717 11004
95.8803 11030
95.9652 11056
96.0172 11081
96.1352 11106
96.206 11131
96.2437 11156
96.2673 11181
96.3617 11206
96.475 11231
96.4892 11256
96.5977 11281
96.6732 11306
96.7204 11331
96.8432 11356
96.9187 11381
96.9612 11406
96.9848 11431
97.0792 11456
97.1924 11481
97.2302 11506
97.3246 11530
97.386 11554
97.4426 11578
97.5606 11602
97.6408 11626
97.688 11650
97.7683 11674
97.8013 11698
97.9052 11722
97.9524 11746
98.0468 11770
98.1128 11794
98.1789 11818
98.2828 11842
98.3536 11866
98.4338 11890
98.4999 11914
98.5754 11938
98.6509 11962
98.684 11986
98.7784 12009
98.8444 12032
98.9294 12055
99.0002 12078
99.0191 12101
99.1135 12124
99.1937 12147
99.2362 12170
99.3684 12193
99.3872 12216
99.4628 12239
99.5383 12262
99.628 12285
99.6516 12308
99.7648 12331
99.7932 12354
99.8545 12377
99.9112 12400
99.9489 12423
