1.00314 40201
1.0173 40737
1.02674 41273
1.03146 41809
1.03618 42345
1.0409 42881
1.04562 43417
1.21082 43953
1.22026 44489
1.23442 45025
1.25802 45561
1.26746 46097
1.2769 46633
1.29578 47169
1.30522 47705
1.31466 48241
1.31938 48777
1.3241 49313
1.32882 49849
1.33354 50385
1.33826 50921
1.34298 51457
1.3477 51993
1.35242 52529
1.35714 53065
1.36658 53601
1.37602 54137
1.38546 54673
1.3949 55209
1.40434 55745
1.41378 56281
1.4185 56817
1.42415 57353
1.43359 57889
1.44821 58425
1.4534 58961
1.45812 59497
1.46756 60033
1.477 60569
1.48644 61105
1.5006 61641
1.51004 62177
1.51476 62713
1.51948 63249
1.5242 63785
1.52892 64321
1.53364 64857
1.54308 65393
1.55252 65929
1.71772 66465
1.72244 67001
1.72716 67537
1.75548 68073
1.7602 68609
1.76492 69145
1.7838 69681
1.78852 70217
1.79324 70753
1.82156 71289
1.82628 71825
1.84516 72361
1.84988 72897
1.8546 73433
1.88764 73969
1.89236 74505
1.92111 75041
1.92583 75577
1.93055 76113
2.654 76649
2.654 77185
2.654 77721
2.654 78257
2.654 78793
2.654 79329
2.654 79865
2.654 80401
2.654 80937
2.88056 81473
2.88056 82009
2.88056 82545
2.95608 83081
2.95608 83617
2.95608 84153
2.95608 84689
2.95608 85225
2.95608 85761
2.9608 86297
2.9608 86833
2.9608 87369
2.9608 87905
2.96552 88441
2.96552 88977
2.96552 89513
2.97024 90049
2.97024 90585
2.97024 91121
2.97024 91657
2.97968 92193
2.97968 92729
2.97968 93265
2.99856 93801
2.99856 94337
2.99856 94873
2.99856 95409
2.99856 95945
2.99856 96481
3.008 97017
3.008 97553
3.008 98089
3.008 98625
3.01744 99161
3.0316 99697
3.0316 100233
3.0316 100769
3.04104 101305
3.04104 101841
3.04104 102377
3.04104 102913
3.05048 103449
3.05048 103985
3.05048 104521
3.05048 105057
3.08352 105593
3.08352 106129
3.08352 106665
3.08352 107201
3.08352 107737
3.08352 108273
3.11184 108809
3.11184 109345
3.11184 109881
3.11184 110417
3.11184 110953
3.11184 111489
3.11184 112025
3.14488 112561
3.14488 113097
3.14488 113633
3.14488 114169
3.14488 114705
3.14488 115241
3.14488 115777
3.14488 116313
3.14488 116849
3.14488 117385
3.14488 117921
3.14488 118457
3.14488 118993
3.14488 119529
3.14488 120065
3.14488 120601
3.14488 121137
3.14488 121673
3.14488 122209
3.14488 122745
3.14488 123281
3.14488 123817
3.1496 124353
3.15432 124889
3.15904 125425
3.16376 125961
3.16848 126497
3.17792 127033
3.39976 127569
3.48472 128105
3.52248 128641
3.53192 129177
3.58384 129713
3.60744 130249
4.15024 130785
4.15024 131321
4.22104 131857
4.22104 132393
4.22104 132929
4.22104 133465
4.22104 134001
4.24464 134537
4.24464 135073
4.24464 135609
4.25408 136145
4.25408 136681
4.25408 137217
4.2588 137753
4.26824 138289
4.27768 138825
4.27768 139361
4.27768 139897
4.27768 140433
4.28712 140969
4.28712 141505
4.30128 142041
4.30128 142577
4.306 143113
4.306 143649
4.306 144185
4.306 144721
4.306 145257
4.306 145793
4.306 146329
4.306 146865
4.306 147401
4.306 147937
4.306 148473
4.306 149009
4.306 149545
4.40512 150081
4.41928 150617
4.44288 151153
4.46176 151689
4.46648 152225
4.4712 152761
4.4948 153297
4.5892 153833
4.63168 154369
4.65056 154905
4.66 155441
4.68832 155977
4.70248 156513
4.72136 157049
4.73552 157585
4.74968 158121
4.75912 158657
4.91016 159193
4.9196 159729
4.97624 160265
4.98096 160801
4.98568 161337
5.00456 161873
5.09896 162409
5.14144 162945
5.16504 163481
5.16976 164017
5.24056 164553
5.28776 165089
5.29248 165625
5.2972 166161
5.37744 166697
5.3916 167233
5.42936 167769
5.43408 168305
5.4388 168841
5.49544 169377
5.50016 169913
5.57096 170449
5.63232 170985
5.65592 171521
5.66064 172057
5.73616 172593
5.82112 173129
5.84 173665
5.84472 174201
6.53856 174737
6.53856 175273
6.53856 175809
6.53856 176345
6.53856 176881
6.53856 177417
6.53856 177953
6.53856 178489
6.53856 179025
6.53856 179561
6.53856 180097
6.53856 180633
6.53856 181169
6.53856 181705
6.53856 182241
6.53856 182777
6.53856 183313
6.53856 183849
6.53856 184385
6.53856 184921
6.70376 185457
6.70848 185993
6.82176 186529
6.82648 187065
6.93032 187601
7.01056 188137
7.01528 188673
7.02944 189209
7.1852 189745
7.18992 190281
7.30792 190817
7.31736 191353
7.52504 191889
7.52976 192425
7.57224 192961
7.5864 193497
7.7044 194033
7.70912 194569
7.83184 195105
7.83656 195641
8.04424 196177
8.04896 196713
8.10088 197249
8.1056 197785
8.2236 198321
8.22832 198857
8.23304 199393
8.35104 199929
8.35576 200465
8.56344 201001
8.56816 201537
8.6248 202073
8.70032 202609
8.7428 203145
8.74752 203681
8.86552 204217
8.87024 204753
9.06376 205289
9.06848 205825
9.07792 206361
9.20536 206897
9.21008 207433
9.24312 207969
9.25256 208505
9.3564 209041
9.36112 209577
9.36584 210113
9.55936 210649
9.5688 211185
9.66792 211721
9.67264 212257
9.7104 212793
9.71512 213329
9.83312 213865
9.83784 214401
9.84256 214937
9.84728 215473
10.0266 216009
10.0314 216545
10.1446 217081
10.1494 217617
10.1871 218153
10.1918 218689
10.3098 219225
10.3146 219761
10.3193 220297
10.324 220833
10.3287 221369
10.5128 221905
10.5175 222441
10.6402 222977
10.645 223513
10.6874 224049
10.6922 224585
10.7818 225121
10.7866 225657
10.7913 226193
10.796 226729
10.9895 227265
10.9942 227801
11.1217 228337
11.1264 228873
11.1878 229409
11.1925 229945
11.2916 230481
11.2963 231017
11.301 231553
11.3058 232089
11.4615 232625
11.4662 233161
11.5984 233697
11.6078 234233
11.6126 234769
11.6645 235305
11.6692 235841
11.773 236377
11.7778 236913
11.7872 237449
11.7966 237985
11.976 238521
11.9807 239057
12.1082 239593
12.1129 240129
12.1176 240665
12.1223 241201
12.1648 241737
12.1695 242273
12.2781 242809
12.2828 243345
12.2875 243881
12.2922 244417
12.4952 244953
12.4999 245489
12.6274 246025
12.6321 246561
12.6368 247097
12.6887 247633
12.7029 248169
12.7076 248705
12.7926 249241
12.7973 249777
12.8445 250313
12.8492 250849
12.8539 251385
13.0144 251921
13.0191 252457
13.1466 252993
13.1513 253529
13.2315 254065
13.2362 254601
13.241 255137
13.307 255673
13.3118 256209
13.3259 256745
13.392 257281
13.3967 257817
13.5289 258353
13.5336 258889
13.661 259425
13.6658 259961
13.746 260497
13.7507 261033
13.7554 261569
13.8168 262105
13.8262 262641
13.831 263177
13.8357 263713
13.9112 264249
13.9301 264785
14.0434 265321
14.0481 265857
14.1802 266393
14.185 266929
14.2605 267465
14.2652 268001
14.2699 268537
14.3218 269073
14.3407 269609
14.3454 270145
14.3502 270681
14.3785 271217
14.4446 271753
14.4493 272289
14.5673 272825
14.572 273361
14.6947 273897
14.7655 274433
14.7797 274969
14.7844 275505
14.8363 276041
14.8977 276577
14.9024 277113
14.9071 277649
14.9354 278185
14.9402 278721
14.9874 279257
14.9921 279793
14.9968 280329
15.0582 280865
15.0629 281401
15.2611 281937
15.2658 282473
15.2706 283009
15.2753 283545
15.3697 284081
15.3791 284617
15.3886 285153
15.3933 285689
15.431 286225
15.4405 286761
15.4971 287297
15.5066 287833
15.5868 288369
15.5915 288905
15.7756 289441
15.7803 289977
15.785 290513
15.7992 291049
15.8794 291585
15.8842 292121
15.8889 292657
15.8936 293193
15.9361 293729
15.9455 294265
16.0163 294801
16.021 295337
16.0871 295873
16.0966 296409
16.1013 296945
16.2901 297481
16.2948 298017
16.2995 298553
16.3514 299089
16.3939 299625
16.3986 300161
16.4034 300697
16.4411 301233
16.4506 301769
16.4553 302305
16.5355 302841
16.5402 303377
16.6016 303913
16.6063 304449
16.611 304985
16.6346 305521
16.8093 306057
16.814 306593
16.8754 307129
16.932 307665
16.9556 308201
16.9603 308737
17.0311 309273
17.0358 309809
17.0972 310345
17.1019 310881
17.1066 311417
17.1491 311953
17.1538 312489
17.2058 313025
17.2294 313561
17.253 314097
17.3285 314633
17.3332 315169
17.3379 315705
17.4465 316241
17.4512 316777
17.5031 317313
17.555 317849
17.5598 318385
17.5834 318921
17.6353 319457
17.64 319993
17.7297 320529
17.7344 321065
17.7391 321601
17.8146 322137
17.8194 322673
17.8902 323209
17.8949 323745
17.8996 324281
17.961 324817
17.9657 325353
18.0176 325889
18.0223 326425
18.0695 326961
18.0742 327497
18.1262 328033
18.1356 328569
18.2158 329105
18.2253 329641
18.2347 330177
18.2442 330713
18.3008 331249
18.3055 331785
18.381 332321
18.3858 332857
18.4377 333393
18.4424 333929
18.4802 334465
18.4849 335001
18.4896 335537
18.5368 336073
18.5415 336609
18.5982 337145
18.6076 337681
18.702 338217
18.7067 338753
18.7114 339289
18.7162 339825
18.7775 340361
18.7822 340897
18.8625 341433
18.8672 341969
18.9097 342505
18.9191 343041
18.9616 343577
18.9663 344113
18.971 344649
18.9758 345185
19.0277 345721
19.0324 346257
19.0985 346793
19.1079 347329
19.2023 347865
19.207 348401
19.2118 348937
19.2165 349473
19.2731 350009
19.2778 350545
19.3581 351081
19.3628 351617
19.3958 352153
19.4053 352689
19.4383 353225
19.443 353761
19.4478 354297
19.4525 354833
19.5091 355369
19.5138 355905
19.5186 356441
19.5846 356977
19.5894 357513
19.7121 358049
19.7168 358585
19.7215 359121
19.731 359657
19.7876 360193
19.7923 360729
19.8773 361265
19.882 361801
19.9198 362337
19.9245 362873
19.9575 363409
19.9622 363945
19.967 364481
19.9858 365017
20.0283 365553
20.033 366089
20.0991 366625
20.1038 367161
20.2077 367697
20.2124 368233
20.2171 368769
20.2266 369305
20.2832 369841
20.2879 370377
20.387 370913
20.3918 371449
20.4342 371985
20.439 372521
20.472 373057
20.4767 373593
20.4814 374129
20.5003 374665
20.5428 375201
20.5475 375737
20.6136 376273
20.6183 376809
20.623 377345
20.7269 377881
20.7316 378417
20.7363 378953
20.7882 379489
20.8024 380025
20.8071 380561
20.911 381097
20.9157 381633
20.9629 382169
20.9865 382705
21.0006 383241
21.0148 383777
21.0526 384313
21.0573 384849
21.1375 385385
21.1422 385921
21.147 386457
21.2178 386993
21.2225 387529
21.2838 388065
21.2886 388601
21.2933 389137
21.3405 389673
21.3452 390209
21.416 390745
21.4254 391281
21.4302 391817
21.4821 392353
21.501 392889
21.5057 393425
21.5529 393961
21.6048 394497
21.6284 395033
21.6331 395569
21.6898 396105
21.6945 396641
21.7558 397177
21.7606 397713
21.803 398249
21.8078 398785
21.8125 399321
21.8266 399857
21.8597 400393
21.8738 400929
21.9494 401465
21.9541 402001
22.0202 402537
22.0249 403073
22.0296 403609
22.091 404145
22.0957 404681
22.1523 405217
22.157 405753
22.1618 406289
22.2184 406825
22.2326 407361
22.2986 407897
22.3034 408433
22.3175 408969
22.3836 409505
22.4214 410041
22.478 410577
22.9972 411113
22.9972 411649
22.9972 412185
22.9972 412721
22.9972 413257
22.9972 413793
22.9972 414329
22.9972 414865
22.9972 415401
22.9972 415937
22.9972 416473
22.9972 417009
22.9972 417545
22.9972 418081
22.9972 418617
22.9972 419153
22.9972 419689
22.9972 420225
22.9972 420761
22.9972 421297
22.9972 421833
22.9972 422369
22.9972 422905
23.2379 423441
23.2426 423977
23.304 424513
23.3087 425049
23.4031 425585
23.4078 426121
23.422 426657
23.4314 427193
23.455 427729
23.6863 428265
23.6958 428801
23.7524 429337
23.7618 429873
23.8515 430409
23.861 430945
23.8798 431481
23.8846 432017
24.1111 432553
24.1158 433089
24.1394 433625
24.1442 434161
24.2102 434697
24.215 435233
24.3141 435769
24.3235 436305
24.3377 436841
24.3471 437377
24.5831 437913
24.5926 438449
24.6114 438985
24.6209 439521
24.6964 440057
24.7011 440593
24.8144 441129
24.8191 441665
24.8333 442201
24.838 442737
25.0834 443273
25.0882 443809
25.107 444345
25.1165 444881
25.1212 445417
25.192 445953
25.1967 446489
25.3194 447025
25.3242 447561
25.3383 448097
25.343 448633
25.5979 449169
25.6074 449705
25.6215 450241
25.6262 450777
25.697 451313
25.7065 451849
25.8434 452385
25.8481 452921
25.8528 453457
25.8811 453993
26.0605 454529
26.1218 455065
26.1266 455601
26.1407 456137
26.1549 456673
26.2162 457209
26.221 457745
26.2257 458281
26.3626 458817
26.3673 459353
26.3956 459889
26.4003 460425
26.6363 460961
26.641 461497
26.6741 462033
26.7307 462569
26.7354 463105
26.7402 463641
26.7968 464177
26.8157 464713
26.8818 465249
26.8865 465785
26.9714 466321
27.0517 466857
27.1555 467393
27.1602 467929
27.2452 468465
27.2499 469001
27.2546 469537
27.3254 470073
27.3302 470609
27.3349 471145
27.4104 471681
27.4151 472217
27.4954 472753
27.5662 473289
27.5709 473825
27.6794 474361
27.6842 474897
27.7644 475433
27.7691 475969
27.8399 476505
27.8446 477041
27.8494 477577
27.9154 478113
27.9296 478649
27.9343 479185
28.0806 479721
28.0854 480257
28.1939 480793
28.1986 481329
28.2883 481865
28.293 482401
28.3544 482937
28.3591 483473
28.3638 484009
28.3922 484545
28.4441 485081
28.4488 485617
28.5904 486153
28.6282 486689
28.6801 487225
28.7414 487761
28.7462 488297
28.8028 488833
28.8075 489369
28.8689 489905
28.8736 490441
28.8783 490977
28.9208 491513
28.9586 492049
28.9633 492585
29.1096 493121
29.1143 493657
29.1946 494193
29.1993 494729
29.2654 495265
29.3267 495801
29.3314 496337
29.3503 496873
29.4211 497409
29.4258 497945
29.4966 498481
29.5014 499017
29.5155 499553
29.5958 500089
29.6288 500625
29.6335 501161
29.7138 501697
29.7185 502233
29.7232 502769
29.8459 503305
29.8506 503841
29.9309 504377
29.9922 504913
29.997 505449
30.0017 505985
30.0772 506521
30.0819 507057
30.1527 507593
30.1574 508129
30.1622 508665
30.2424 509201
30.2566 509737
30.3415 510273
30.3651 510809
30.3698 511345
30.4454 511881
30.4501 512417
30.5162 512953
30.5775 513489
30.5917 514025
30.5964 514561
30.6672 515097
30.6719 515633
30.6766 516169
30.7238 516705
30.771 517241
30.7758 517777
30.8796 518313
30.8843 518849
30.9646 519385
31.0306 519921
31.0354 520457
31.0401 520993
31.1109 521529
31.1156 522065
31.1911 522601
31.1958 523137
31.2006 523673
31.243 524209
31.2478 524745
31.2902 525281
31.295 525817
31.3941 526353
31.3988 526889
31.4885 527425
31.4932 527961
31.5498 528497
31.5546 529033
31.6254 529569
31.6301 530105
31.7103 530641
31.715 531177
31.7198 531713
31.7434 532249
31.7575 532785
31.7622 533321
31.8094 533857
31.8142 534393
31.9227 534929
31.9274 535465
32.0077 536001
32.0124 536537
32.0785 537073
32.0832 537609
32.154 538145
32.1587 538681
32.1634 539217
32.239 539753
32.2437 540289
32.2767 540825
32.3098 541361
32.3286 541897
32.3334 542433
32.357 542969
32.3806 543505
32.4419 544041
32.4466 544577
32.5269 545113
32.5316 545649
32.5977 546185
32.6024 546721
32.6732 547257
32.6779 547793
32.7534 548329
32.7582 548865
32.8054 549401
32.8526 549937
32.8667 550473
32.8714 551009
32.895 551545
32.8998 552081
32.9658 552617
32.9706 553153
33.0414 553689
33.0461 554225
33.131 554761
33.1735 555297
33.1877 555833
33.1924 556369
33.2774 556905
33.334 557441
33.3482 557977
33.3529 558513
33.4095 559049
33.4142 559585
33.4614 560121
33.4898 560657
33.4945 561193
33.5464 561729
33.5511 562265
33.6408 562801
33.6455 563337
33.6502 563873
33.7116 564409
33.7163 564945
33.806 565481
33.8107 566017
33.8154 566553
33.8768 567089
33.8815 567625
33.9476 568161
33.9523 568697
33.9759 569233
33.9806 569769
34.0326 570305
34.0986 570841
34.1034 571377
34.1081 571913
34.1742 572449
34.1789 572985
34.2261 573521
34.2308 574057
34.3158 574593
34.3205 575129
34.3252 575665
34.3299 576201
34.3724 576737
34.3771 577273
34.4338 577809
34.4385 578345
34.4479 578881
34.4621 579417
34.4715 579953
34.5754 580489
34.5801 581025
34.5848 581561
34.5895 582097
34.6698 582633
34.6745 583169
34.7311 583705
34.7358 584241
34.835 584777
34.8397 585313
34.8444 585849
34.8586 586385
34.8869 586921
34.8916 587457
34.9341 587993
34.9388 588529
34.953 589065
34.9624 589601
35.0521 590137
35.0568 590673
35.0662 591209
35.0757 591745
35.1606 592281
35.1654 592817
35.2314 593353
35.2409 593889
35.3447 594425
35.3494 594961
35.3542 595497
35.3589 596033
35.4014 596569
35.4061 597105
35.4486 597641
35.4533 598177
35.491 598713
35.5335 599249
35.5666 599785
35.5713 600321
35.576 600857
35.5902 601393
35.5949 601929
35.6657 602465
35.6704 603001
35.7223 603537
35.727 604073
35.8403 604609
35.845 605145
35.8545 605681
35.8639 606217
35.9064 606753
35.9206 607289
35.963 607825
35.9678 608361
36.0055 608897
36.0102 609433
36.081 609969
36.0858 610505
36.0905 611041
36.1141 611577
36.1188 612113
36.1424 612649
36.2132 613185
36.2179 613721
36.2746 614257
36.2793 614793
36.3595 615329
36.3642 615865
36.3878 616401
36.435 616937
36.4398 617473
36.4445 618009
36.5011 618545
36.5058 619081
36.5294 619617
36.5625 620153
36.6002 620689
36.605 621225
36.6569 621761
36.7277 622297
36.7324 622833
36.7371 623369
36.7796 623905
36.7843 624441
36.874 624977
36.8787 625513
36.8834 626049
36.9495 626585
36.9542 627121
37.0156 627657
37.0203 628193
37.0345 628729
37.1053 629265
37.11 629801
37.8133 630337
37.8133 630873
37.8133 631409
37.8133 631945
37.8133 632481
37.8133 633017
37.8133 633553
37.8133 634089
37.8133 634625
37.8133 635161
37.8133 635697
37.8133 636233
37.8133 636769
37.8133 637305
37.8133 637841
37.8133 638377
37.8133 638913
37.8133 639449
37.8133 639985
37.8133 640521
37.8133 641057
37.8133 641593
37.8133 642129
38.0729 642665
38.139 643201
38.172 643737
38.1767 644273
38.2711 644809
38.2758 645345
38.2806 645881
38.323 646417
38.3419 646953
38.6062 647489
38.611 648025
38.6393 648561
38.6487 649097
38.7762 649633
38.7809 650169
38.8186 650705
38.8234 651241
39.0358 651777
39.0405 652313
39.1113 652849
39.116 653385
39.1302 653921
39.1349 654457
39.267 654993
39.2718 655529
39.3237 656065
39.3284 656601
39.555 657137
39.5597 657673
39.6305 658209
39.6352 658745
39.673 659281
39.7154 659817
39.7862 660353
39.791 660889
39.8429 661425
39.8476 661961
40.0742 662497
40.0789 663033
40.1497 663569
40.1544 664105
40.1591 664641
40.2346 665177
40.2394 665713
40.3196 666249
40.3243 666785
40.3668 667321
40.4329 667857
40.5934 668393
40.5981 668929
40.6689 669465
40.6736 670001
40.7491 670537
40.7538 671073
40.8341 671609
40.8388 672145
40.8907 672681
40.8954 673217
41.1078 673753
41.1126 674289
41.1834 674825
41.1881 675361
41.2636 675897
41.2683 676433
41.3486 676969
41.4005 677505
41.4052 678041
41.4099 678577
41.4666 679113
41.6129 679649
41.6695 680185
41.6742 680721
41.7592 681257
41.7734 681793
41.7828 682329
41.7875 682865
41.915 683401
41.9197 683937
41.9244 684473
41.9433 685009
42.1274 685545
42.1321 686081
42.1746 686617
42.1793 687153
42.2737 687689
42.2784 688225
42.2831 688761
42.2878 689297
42.387 689833
42.3917 690369
42.3964 690905
42.4294 691441
42.4389 691977
42.6324 692513
42.6371 693049
42.6938 693585
42.6985 694121
42.7787 694657
42.7834 695193
42.7929 695729
42.8023 696265
42.8731 696801
42.8826 697337
42.9203 697873
42.9298 698409
43.128 698945
43.1327 699481
43.1846 700017
43.1894 700553
43.279 701089
43.2885 701625
43.2932 702161
43.3026 702697
43.3829 703233
43.397 703769
43.4254 704305
43.4301 704841
43.6236 705377
43.633 705913
43.6425 706449
43.6897 706985
43.6991 707521
43.7982 708057
43.803 708593
43.8077 709129
43.8407 709665
43.8974 710201
43.9021 710737
43.9446 711273
44.0154 711809
44.1381 712345
44.1428 712881
44.19 713417
44.2514 713953
44.2561 714489
44.2608 715025
44.3174 715561
44.3222 716097
44.3552 716633
44.3694 717169
44.4024 717705
44.4071 718241
44.511 718777
44.5204 719313
44.6526 719849
44.6573 720385
44.7611 720921
44.7706 721457
44.7753 721993
44.78 722529
44.8178 723065
44.8366 723601
44.8414 724137
44.9027 724673
44.9263 725209
44.931 725745
44.9358 726281
45.0349 726817
45.0396 727353
45.1718 727889
45.1765 728425
45.285 728961
45.2898 729497
45.2945 730033
45.337 730569
45.3511 731105
45.3558 731641
45.4172 732177
45.4219 732713
45.4738 733249
45.5305 733785
45.5494 734321
45.5541 734857
45.691 735393
45.6957 735929
45.7995 736465
45.8042 737001
45.809 737537
45.8609 738073
45.8656 738609
45.8703 739145
45.9411 739681
45.9458 740217
45.993 740753
45.9978 741289
46.0214 741825
46.0686 742361
46.0733 742897
46.2102 743433
46.2149 743969
46.314 744505
46.3187 745041
46.3234 745577
46.3895 746113
46.3942 746649
46.399 747185
46.4745 747721
46.4792 748257
46.55 748793
46.5547 749329
46.5594 749865
46.583 750401
46.5878 750937
46.6491 751473
46.7294 752009
46.7341 752545
46.8285 753081
46.8332 753617
46.904 754153
46.9087 754689
46.9134 755225
46.9229 755761
46.9937 756297
46.9984 756833
47.0739 757369
47.0786 757905
47.0834 758441
47.107 758977
47.1211 759513
47.1636 760049
47.1683 760585
47.2486 761121
47.2533 761657
47.3571 762193
47.3618 762729
47.4232 763265
47.4421 763801
47.4798 764337
47.4846 764873
47.5554 765409
47.5601 765945
47.6214 766481
47.6262 767017
47.6403 767553
47.7064 768089
47.7111 768625
47.7583 769161
47.763 769697
47.7678 770233
47.8716 770769
47.8763 771305
47.9377 771841
47.9424 772377
47.999 772913
48.0038 773449
48.0746 773985
48.1265 774521
48.1406 775057
48.1454 775593
48.1926 776129
48.1973 776665
48.2681 777201
48.2728 777737
48.2775 778273
48.3389 778809
48.3436 779345
48.4238 779881
48.4427 780417
48.4522 780953
48.4569 781489
48.5135 782025
48.5182 782561
48.5985 783097
48.6598 783633
48.6646 784169
48.6693 784705
48.7306 785241
48.7448 785777
48.7967 786313
48.8014 786849
48.8062 787385
48.8722 787921
48.877 788457
48.9572 788993
48.9619 789529
48.9666 790065
49.0563 790601
49.061 791137
49.1507 791673
49.1554 792209
49.1743 792745
49.179 793281
49.1838 793817
49.231 794353
49.2593 794889
49.264 795425
49.3159 795961
49.3206 796497
49.3867 797033
49.3914 797569
49.3962 798105
49.4764 798641
49.4811 799177
49.4858 799713
49.5236 800249
49.5802 800785
49.585 801321
49.6699 801857
49.6746 802393
49.6935 802929
49.6982 803465
49.7407 804001
49.7454 804537
49.769 805073
49.7738 805609
49.8304 806145
49.8351 806681
49.8776 807217
49.8823 807753
49.972 808289
49.9814 808825
49.9909 809361
50.0003 809897
50.0758 810433
50.0806 810969
50.1466 811505
50.1514 812041
50.175 812577
50.1797 813113
50.2127 813649
50.2222 814185
50.2646 814721
50.2694 815257
50.3024 815793
50.3071 816329
50.3496 816865
50.3543 817401
50.4534 817937
50.4582 818473
50.4629 819009
50.4723 819545
50.4818 820081
50.5714 820617
50.5809 821153
50.6375 821689
50.6422 822225
50.6753 822761
50.68 823297
50.713 823833
50.7178 824369
50.7602 824905
50.765 825441
50.798 825977
50.8027 826513
50.8405 827049
50.8452 827585
50.9632 828121
50.9679 828657
50.9726 829193
50.9774 829729
50.9821 830265
50.9915 830801
51.0765 831337
51.0859 831873
51.1426 832409
51.1473 832945
51.1756 833481
51.185 834017
51.2322 834553
51.237 835089
51.2794 835625
51.2842 836161
51.3172 836697
51.3266 837233
51.3597 837769
51.3644 838305
51.4824 838841
51.4871 839377
51.4918 839913
51.5107 840449
51.5154 840985
51.539 841521
51.6051 842057
51.6098 842593
51.6146 843129
51.6618 843665
51.6665 844201
51.6995 844737
51.7042 845273
51.7514 845809
51.7562 846345
51.7986 846881
51.8317 847417
51.8411 847953
51.8458 848489
51.8789 849025
51.8836 849561
52.0016 850097
52.0063 850633
52.0441 851169
52.1196 851705
52.1243 852241
52.129 852777
52.1904 853313
52.2046 853849
52.2423 854385
52.247 854921
52.2518 855457
52.3084 855993
52.3131 856529
52.3603 857065
52.365 857601
52.3745 858137
52.3981 858673
52.4406 859209
52.5114 859745
52.5161 860281
52.5208 860817
52.601 861353
52.6152 861889
52.6671 862425
52.6813 862961
52.686 863497
52.7568 864033
52.7615 864569
52.7662 865105
52.8087 865641
52.8134 866177
52.8795 866713
52.9031 867249
52.9078 867785
52.9598 868321
52.9739 868857
53.715 869393
53.715 869929
53.715 870465
53.715 871001
53.715 871537
53.715 872073
53.715 872609
53.715 873145
53.715 873681
53.715 874217
53.715 874753
53.715 875289
53.715 875825
53.715 876361
53.9793 876897
53.9793 877433
53.9793 877969
53.9793 878505
53.9793 879041
53.9793 879577
53.9793 880113
53.9793 880649
53.9793 881185
53.9793 881721
53.9793 882257
53.984 882793
54.0642 883329
54.069 883865
54.1445 884401
54.2058 884937
54.2106 885473
54.2247 886009
54.2719 886545
54.489 887081
54.4938 887617
54.5551 888153
54.5598 888689
54.6401 889225
54.6448 889761
54.7203 890297
54.725 890833
54.7628 891369
54.9658 891905
54.9894 892441
54.9941 892977
55.0649 893513
55.0696 894049
55.1498 894585
55.1546 895121
55.2442 895657
55.249 896193
55.4755 896729
55.5133 897265
55.518 897801
55.5227 898337
55.5841 898873
55.5888 899409
55.6785 899945
55.6832 900481
55.7634 901017
55.7682 901553
55.9617 902089
56.0278 902625
56.0325 903161
56.0372 903697
56.075 904233
56.108 904769
56.1127 905305
56.1977 905841
56.2024 906377
56.2826 906913
56.2874 907449
56.547 907985
56.5517 908521
56.5564 909057
56.6036 909593
56.6225 910129
56.6272 910665
56.6319 911201
56.7216 911737
56.7263 912273
56.7971 912809
56.8018 913345
57.0001 913881
57.0662 914417
57.0709 914953
57.1228 915489
57.1983 916025
57.203 916561
57.2078 917097
57.3022 917633
57.3069 918169
57.373 918705
57.3777 919241
57.5146 919777
57.5193 920313
57.5854 920849
57.6514 921385
57.7128 921921
57.7175 922457
57.7222 922993
57.7883 923529
57.793 924065
57.8214 924601
57.8261 925137
57.8922 925673
57.9771 926209
58.029 926745
58.0338 927281
58.0998 927817
58.114 928353
58.1565 928889
58.1612 929425
58.265 929961
58.2745 930497
58.3264 931033
58.3311 931569
58.3689 932105
58.3736 932641
58.468 933177
58.4727 933713
58.5199 934249
58.5246 934785
58.5671 935321
58.5718 935857
58.6474 936393
58.6521 936929
58.7087 937465
58.7134 938001
58.7512 938537
58.7559 939073
58.7654 939609
58.8598 940145
58.8645 940681
58.9117 941217
58.9211 941753
58.9589 942289
58.9636 942825
59.058 943361
59.0674 943897
59.1194 944433
59.1241 944969
59.1713 945505
59.176 946041
59.1807 946577
59.1854 947113
59.261 947649
59.2657 948185
59.3223 948721
59.327 949257
59.3695 949793
59.3742 950329
59.4828 950865
59.4875 951401
59.5536 951937
59.5583 952473
59.5914 953009
59.5961 953545
59.6008 954081
59.6102 954617
59.6999 955153
59.7094 955689
59.7141 956225
59.7566 956761
59.7613 957297
59.8132 957833
59.8179 958369
59.9076 958905
59.9123 959441
59.969 959977
59.9737 960513
60.0162 961049
60.0209 961585
60.035 962121
60.0398 962657
60.1436 963193
60.153 963729
60.205 964265
60.2097 964801
60.2569 965337
60.2616 965873
60.3607 966409
60.3702 966945
60.4268 967481
60.4362 968017
60.4693 968553
60.474 969089
60.4787 969625
60.4834 970161
60.5967 970697
60.6014 971233
60.6534 971769
60.6581 972305
60.6628 972841
60.7147 973377
60.7194 973913
60.8186 974449
60.8233 974985
60.8752 975521
60.8799 976057
60.9177 976593
60.9271 977129
60.9318 977665
60.9366 978201
61.064 978737
61.0734 979273
61.1348 979809
61.1395 980345
61.1442 980881
61.1537 981417
61.2103 981953
61.215 982489
61.3094 983025
61.3142 983561
61.3661 984097
61.3708 984633
61.4133 985169
61.418 985705
61.4274 986241
61.4369 986777
61.5738 987313
61.5785 987849
61.6304 988385
61.6351 988921
61.654 989457
61.6634 989993
61.7154 990529
61.7201 991065
61.7295 991601
61.8239 992137
61.8428 992673
61.8758 993209
61.8806 993745
61.923 994281
61.9278 994817
61.9325 995353
61.9419 995889
62.0694 996425
62.0741 996961
62.1402 997497
62.1449 998033
62.1685 998569
62.1732 999105
62.2346 999641
62.2393 1000177
62.3384 1000713
62.3431 1001249
62.3903 1001785
62.4045 1002321
62.4375 1002857
62.4422 1003393
62.447 1003929
62.4847 1004465
62.5838 1005001
62.5886 1005537
62.6499 1006073
62.6594 1006609
62.6735 1007145
62.6782 1007681
62.749 1008217
62.7538 1008753
62.8529 1009289
62.8576 1009825
62.9095 1010361
62.9142 1010897
62.919 1011433
62.9567 1011969
62.9614 1012505
62.9756 1013041
63.0086 1013577
63.0983 1014113
63.103 1014649
63.1644 1015185
63.1691 1015721
63.2352 1016257
63.2494 1016793
63.2871 1017329
63.3202 1017865
63.3768 1018401
63.3815 1018937
63.4429 1019473
63.4476 1020009
63.4523 1020545
63.5137 1021081
63.5184 1021617
63.5845 1022153
63.5892 1022689
63.5939 1023225
63.6317 1023761
63.6364 1024297
63.7166 1024833
63.7214 1025369
63.7638 1025905
63.7686 1026441
63.8346 1026977
63.8394 1027513
63.9007 1028049
63.9621 1028585
63.9668 1029121
63.9715 1029657
64.047 1030193
64.0518 1030729
64.1084 1031265
64.1131 1031801
64.1178 1032337
64.1792 1032873
64.1839 1033409
64.2358 1033945
64.2406 1034481
64.2453 1035017
64.3066 1035553
64.3208 1036089
64.3538 1036625
64.3586 1037161
64.3727 1037697
64.4766 1038233
64.4813 1038769
64.486 1039305
64.5096 1039841
64.571 1040377
64.5757 1040913
64.6323 1041449
64.637 1041985
64.6748 1042521
64.6795 1043057
64.722 1043593
64.7267 1044129
64.7314 1044665
64.7362 1045201
64.7975 1045737
64.8022 1046273
64.8353 1046809
64.8447 1047345
64.9438 1047881
64.9486 1048417
64.958 1048953
64.9674 1049489
65.0335 1050025
65.0382 1050561
65.1279 1051097
65.1326 1051633
65.1562 1052169
65.161 1052705
65.1657 1053241
65.1987 1053777
65.2034 1054313
65.2082 1054849
65.2176 1055385
65.2837 1055921
65.2884 1056457
65.312 1056993
65.3167 1057529
65.4347 1058065
65.4394 1058601
65.4442 1059137
65.4489 1059673
65.5338 1060209
65.5386 1060745
65.6141 1061281
65.6235 1061817
65.6377 1062353
65.6424 1062889
65.6518 1063425
65.6613 1063961
65.7038 1064497
65.7085 1065033
65.7132 1065569
65.7179 1066105
65.7934 1066641
65.7982 1067177
65.8218 1067713
65.8312 1068249
65.9586 1068785
65.9634 1069321
65.9681 1069857
65.9728 1070393
66.053 1070929
66.0578 1071465
66.1333 1072001
66.138 1072537
66.1522 1073073
66.1569 1073609
66.171 1074145
66.1758 1074681
66.2088 1075217
66.2135 1075753
66.223 1076289
66.2324 1076825
66.2371 1077361
66.3268 1077897
66.3315 1078433
66.3504 1078969
66.3551 1079505
66.4778 1080041
66.4826 1080577
66.4873 1081113
66.5534 1081649
66.5722 1082185
66.577 1082721
66.6525 1083257
66.6572 1083793
66.6761 1084329
66.695 1084865
66.7374 1085401
66.7422 1085937
66.7563 1086473
66.7705 1087009
66.8413 1087545
66.846 1088081
66.8602 1088617
66.8885 1089153
66.8932 1089689
66.9215 1090225
66.9923 1090761
66.997 1091297
67.0018 1091833
67.0678 1092369
67.0867 1092905
67.0914 1093441
67.167 1093977
67.1717 1094513
67.2094 1095049
67.2661 1095585
67.2708 1096121
67.2755 1096657
67.3322 1097193
67.3463 1097729
67.4218 1098265
67.4266 1098801
67.4313 1099337
67.5068 1099873
67.5115 1100409
68.2148 1100945
68.2148 1101481
68.2148 1102017
68.2148 1102553
68.2148 1103089
68.2148 1103625
68.2148 1104161
68.2148 1104697
68.2148 1105233
68.2148 1105769
68.2148 1106305
68.2148 1106841
68.2148 1107377
68.2148 1107913
68.2148 1108449
68.2148 1108985
68.2148 1109521
68.2148 1110057
68.2148 1110593
68.6915 1111129
68.6915 1111665
68.6915 1112201
68.6915 1112737
68.6915 1113273
68.6915 1113809
68.6915 1114345
68.6915 1114881
68.6915 1115417
68.6915 1115953
68.6915 1116489
68.7198 1117025
68.7246 1117561
68.7434 1118097
68.97 1118633
68.9747 1119169
69.0738 1119705
69.0786 1120241
69.1352 1120777
69.2202 1121313
69.2249 1121849
69.2768 1122385
69.2815 1122921
69.4562 1123457
69.4939 1123993
69.4986 1124529
69.593 1125065
69.5978 1125601
69.7346 1126137
69.7394 1126673
69.796 1127209
69.881 1127745
69.9706 1128281
69.9754 1128817
70.0367 1129353
70.1264 1129889
70.1311 1130425
70.1358 1130961
70.2538 1131497
70.2586 1132033
70.3954 1132569
70.4002 1133105
70.4049 1133641
70.4898 1134177
70.4946 1134713
70.6409 1135249
70.6456 1135785
70.6503 1136321
70.7258 1136857
70.773 1137393
70.7778 1137929
70.9146 1138465
70.9194 1139001
71.0043 1139537
71.009 1140073
71.1554 1140609
71.1601 1141145
71.1648 1141681
71.2262 1142217
71.2875 1142753
71.2922 1143289
71.4291 1143825
71.4338 1144361
71.5188 1144897
71.5235 1145433
71.6604 1145969
71.6651 1146505
71.6746 1147041
71.684 1147577
71.6887 1148113
71.7737 1148649
71.7831 1149185
71.92 1149721
71.9294 1150257
72.0238 1150793
72.0333 1151329
72.156 1151865
72.1607 1152401
72.1654 1152937
72.1749 1153473
72.1843 1154009
72.189 1154545
72.274 1155081
72.2787 1155617
72.4156 1156153
72.425 1156689
72.5478 1157225
72.5525 1157761
72.6752 1158297
72.6799 1158833
72.6894 1159369
72.6941 1159905
72.6988 1160441
72.7035 1160977
72.7696 1161513
72.7932 1162049
72.7979 1162585
72.9348 1163121
72.9631 1163657
73.067 1164193
73.0717 1164729
73.1991 1165265
73.2038 1165801
73.2086 1166337
73.2605 1166873
73.2652 1167409
73.2699 1167945
73.3171 1168481
73.3454 1169017
73.4493 1169553
73.454 1170089
73.5814 1170625
73.5862 1171161
73.7136 1171697
73.7183 1172233
73.723 1172769
73.7702 1173305
73.7797 1173841
73.7844 1174377
73.8316 1174913
73.8363 1175449
73.841 1175985
73.9638 1176521
73.9685 1177057
74.0959 1177593
74.1006 1178129
74.2281 1178665
74.2328 1179201
74.2375 1179737
74.28 1180273
74.2942 1180809
74.2989 1181345
74.3508 1181881
74.4122 1182417
74.4169 1182953
74.4216 1183489
74.5066 1184025
74.5113 1184561
74.6151 1185097
74.6198 1185633
74.7473 1186169
74.752 1186705
74.8228 1187241
74.8747 1187777
74.8794 1188313
74.903 1188849
74.9597 1189385
74.9833 1189921
75.0541 1190457
75.0588 1190993
75.0635 1191529
75.1579 1192065
75.1626 1192601
75.2382 1193137
75.2429 1193673
75.2712 1194209
75.2759 1194745
75.3892 1195281
75.3939 1195817
75.46 1196353
75.5308 1196889
75.5355 1197425
75.5402 1197961
75.578 1198497
75.6016 1199033
75.6771 1199569
75.6818 1200105
75.7479 1200641
75.7526 1201177
75.7574 1201713
75.7621 1202249
75.8706 1202785
75.8754 1203321
75.9178 1203857
75.9226 1204393
76.0028 1204929
76.0075 1205465
76.0547 1206001
76.0642 1206537
76.1727 1207073
76.1774 1207609
76.253 1208145
76.2577 1208681
76.2624 1209217
76.2671 1209753
76.2718 1210289
76.3851 1210825
76.3898 1211361
76.4134 1211897
76.4229 1212433
76.4984 1212969
76.5078 1213505
76.5456 1214041
76.5503 1214577
76.6589 1215113
76.6683 1215649
76.7533 1216185
76.758 1216721
76.7674 1217257
76.7769 1217793
76.7816 1218329
76.7863 1218865
76.9043 1219401
76.909 1219937
76.9657 1220473
77.0129 1221009
77.0223 1221545
77.027 1222081
77.0884 1222617
77.145 1223153
77.1828 1223689
77.1875 1224225
77.2725 1224761
77.2772 1225297
77.2914 1225833
77.2961 1226369
77.3008 1226905
77.3055 1227441
77.4188 1227977
77.4235 1228513
77.4849 1229049
77.5274 1229585
77.5321 1230121
77.5934 1230657
77.6784 1231193
77.6831 1231729
77.6878 1232265
77.7586 1232801
77.7634 1233337
77.8247 1233873
77.8294 1234409
77.8342 1234945
77.8908 1235481
77.8955 1236017
77.9569 1236553
77.9758 1237089
77.9805 1237625
78.0513 1238161
78.056 1238697
78.1268 1239233
78.1315 1239769
78.207 1240305
78.2118 1240841
78.2731 1241377
78.2778 1241913
78.3486 1242449
78.4289 1242985
78.4336 1243521
78.4383 1244057
78.4855 1244593
78.4902 1245129
78.5563 1245665
78.561 1246201
78.5658 1246737
78.6224 1247273
78.6271 1247809
78.6979 1248345
78.7121 1248881
78.7215 1249417
78.7262 1249953
78.797 1250489
78.849 1251025
78.8631 1251561
78.8678 1252097
78.9481 1252633
78.9528 1253169
79.0094 1253705
79.0802 1254241
79.085 1254777
79.0897 1255313
79.1463 1255849
79.151 1256385
79.2313 1256921
79.236 1257457
79.2407 1257993
79.321 1258529
79.3257 1259065
79.3398 1259601
79.3729 1260137
79.3776 1260673
79.4106 1261209
79.4154 1261745
79.472 1262281
79.4767 1262817
79.59 1263353
79.5947 1263889
79.5994 1264425
79.6042 1264961
79.6655 1265497
79.6702 1266033
79.7694 1266569
79.7741 1267105
79.8354 1267641
79.8402 1268177
79.8449 1268713
79.9298 1269249
79.9346 1269785
79.9393 1270321
79.9818 1270857
79.9865 1271393
80.0478 1271929
80.0526 1272465
80.0573 1273001
80.1186 1273537
80.1234 1274073
80.1847 1274609
80.1894 1275145
80.1942 1275681
80.265 1276217
80.2886 1276753
80.2933 1277289
80.3641 1277825
80.4066 1278361
80.4443 1278897
80.449 1279433
80.4538 1279969
80.5104 1280505
80.5151 1281041
80.5198 1281577
80.5765 1282113
80.6142 1282649
80.6803 1283185
80.685 1283721
80.6992 1284257
80.77 1284793
80.7747 1285329
80.855 1285865
80.8597 1286401
80.8644 1286937
80.9399 1287473
80.9446 1288009
81.0249 1288545
81.0296 1289081
81.0343 1289617
81.0626 1290153
81.0674 1290689
81.0768 1291225
81.1146 1291761
81.1287 1292297
81.1665 1292833
81.1901 1293369
81.1948 1293905
81.2326 1294441
81.275 1294977
81.2939 1295513
81.3364 1296049
81.3742 1296585
81.3789 1297121
81.4544 1297657
81.4591 1298193
81.5394 1298729
81.5441 1299265
81.5488 1299801
81.6054 1300337
81.6102 1300873
81.6149 1301409
81.6715 1301945
81.6762 1302481
81.7187 1303017
81.7234 1303553
81.7376 1304089
81.7942 1304625
81.799 1305161
81.8603 1305697
81.865 1306233
81.8886 1306769
81.9406 1307305
81.9453 1307841
82.035 1308377
82.0397 1308913
82.0633 1309449
82.068 1309985
82.1246 1310521
82.2238 1311057
82.2285 1311593
82.2332 1312129
82.2757 1312665
82.2804 1313201
82.9601 1313737
82.9601 1314273
82.9601 1314809
82.9601 1315345
82.9601 1315881
82.9601 1316417
82.9601 1316953
82.9601 1317489
82.9601 1318025
82.9601 1318561
82.9601 1319097
82.9601 1319633
82.9601 1320169
82.9601 1320705
82.9601 1321241
82.9601 1321777
82.9601 1322313
82.9601 1322849
82.9601 1323385
82.9601 1323921
82.9601 1324457
82.9601 1324993
82.9601 1325529
83.2574 1326065
83.2622 1326601
83.2669 1327137
83.3424 1327673
83.3471 1328209
83.3518 1328745
83.3896 1329281
83.3943 1329817
83.484 1330353
83.7766 1330889
83.7814 1331425
83.8569 1331961
83.8616 1332497
83.8663 1333033
83.9088 1333569
83.923 1334105
83.9277 1334641
84.1542 1335177
84.1684 1335713
84.2486 1336249
84.2534 1336785
84.3289 1337321
84.3336 1337857
84.3761 1338393
84.3855 1338929
84.395 1339465
84.4044 1340001
84.6404 1340537
84.6451 1341073
84.7206 1341609
84.7254 1342145
84.7867 1342681
84.7914 1343217
84.8245 1343753
84.8339 1344289
84.8434 1344825
84.8481 1345361
85.1077 1345897
85.1171 1346433
85.2068 1346969
85.2115 1347505
85.2162 1348041
85.2729 1348577
85.2823 1349113
85.3059 1349649
85.3106 1350185
85.3154 1350721
85.3201 1351257
85.5938 1351793
85.5986 1352329
85.693 1352865
85.6977 1353401
85.7779 1353937
85.7826 1354473
85.8062 1355009
85.811 1355545
85.8204 1356081
85.8298 1356617
86.0234 1357153
86.0847 1357689
86.0894 1358225
86.1791 1358761
86.1886 1359297
86.2641 1359833
86.2688 1360369
86.2782 1360905
86.3066 1361441
86.3113 1361977
86.316 1362513
86.3207 1363049
86.5992 1363585
86.6039 1364121
86.6936 1364657
86.6983 1365193
86.7786 1365729
86.7833 1366265
86.7927 1366801
86.8116 1367337
86.8258 1367873
86.8305 1368409
86.8777 1368945
86.9013 1369481
87.1184 1370017
87.1231 1370553
87.2128 1371089
87.2175 1371625
87.2978 1372161
87.3025 1372697
87.3402 1373233
87.3922 1373769
87.3969 1374305
87.4016 1374841
87.4441 1375377
87.4582 1375913
87.4771 1376449
87.647 1376985
87.6518 1377521
87.732 1378057
87.7367 1378593
87.817 1379129
87.8217 1379665
87.9066 1380201
87.9114 1380737
87.9161 1381273
87.9727 1381809
87.9774 1382345
87.9822 1382881
88.1615 1383417
88.1662 1383953
88.2512 1384489
88.2559 1385025
88.3362 1385561
88.3409 1386097
88.4211 1386633
88.4258 1387169
88.4306 1387705
88.4825 1388241
88.4919 1388777
88.4966 1389313
88.5014 1389849
88.676 1390385
88.6807 1390921
88.7657 1391457
88.7704 1391993
88.8506 1392529
88.8554 1393065
88.9356 1393601
88.9403 1394137
88.945 1394673
88.9922 1395209
89.0064 1395745
89.0111 1396281
89.0158 1396817
89.0536 1397353
89.1858 1397889
89.1905 1398425
89.2849 1398961
89.2896 1399497
89.3698 1400033
89.3746 1400569
89.4548 1401105
89.4595 1401641
89.5162 1402177
89.5398 1402713
89.5445 1403249
89.5917 1403785
89.6247 1404321
89.653 1404857
89.6861 1405393
89.7144 1405929
89.7191 1406465
89.8041 1407001
89.8088 1407537
89.889 1408073
89.8938 1408609
89.974 1409145
89.9787 1409681
90.0542 1410217
90.059 1410753
90.1345 1411289
90.1911 1411825
90.1958 1412361
90.2006 1412897
90.2855 1413433
90.2902 1413969
90.3752 1414505
90.3799 1415041
90.4035 1415577
90.4082 1416113
90.4885 1416649
90.4932 1417185
90.5734 1417721
90.5782 1418257
90.6301 1418793
90.6348 1419329
90.6962 1419865
90.7056 1420401
90.7953 1420937
90.8 1421473
90.8944 1422009
90.8991 1422545
90.9038 1423081
90.9086 1423617
90.9133 1424153
91.0077 1424689
91.0124 1425225
91.0549 1425761
91.0596 1426297
91.1115 1426833
91.1162 1427369
91.1682 1427905
91.1729 1428441
91.2578 1428977
91.2626 1429513
91.3617 1430049
91.3711 1430585
91.3758 1431121
91.3806 1431657
91.3853 1432193
91.39 1432729
91.4891 1433265
91.4986 1433801
91.5363 1434337
91.541 1434873
91.5835 1435409
91.5882 1435945
91.6543 1436481
91.6638 1437017
91.7346 1437553
91.744 1438089
91.8384 1438625
91.8431 1439161
91.8526 1439697
91.862 1440233
91.8714 1440769
91.8809 1441305
91.8856 1441841
91.9753 1442377
91.98 1442913
92.0319 1443449
92.0366 1443985
92.0791 1444521
92.0838 1445057
92.1641 1445593
92.1688 1446129
92.249 1446665
92.2538 1447201
92.3529 1447737
92.3576 1448273
92.3765 1448809
92.3812 1449345
92.3859 1449881
92.3906 1450417
92.4803 1450953
92.485 1451489
92.537 1452025
92.5417 1452561
92.5889 1453097
92.603 1453633
92.6786 1454169
92.6833 1454705
92.7635 1455241
92.7682 1455777
92.8721 1456313
92.8768 1456849
92.891 1457385
92.8957 1457921
92.9004 1458457
92.924 1458993
92.9854 1459529
92.9901 1460065
93.042 1460601
93.0514 1461137
93.0703 1461673
93.1034 1462209
93.1411 1462745
93.1978 1463281
93.2025 1463817
93.2922 1464353
93.2969 1464889
93.3866 1465425
93.3913 1465961
93.4102 1466497
93.4857 1467033
93.4904 1467569
93.5046 1468105
93.5423 1468641
93.5565 1469177
93.5801 1469713
93.5848 1470249
93.5895 1470785
93.6556 1471321
93.6603 1471857
93.7075 1472393
93.717 1472929
93.7217 1473465
93.8114 1474001
93.8161 1474537
93.9058 1475073
93.9105 1475609
94.0049 1476145
94.0096 1476681
94.0615 1477217
94.104 1477753
94.1087 1478289
94.1134 1478825
94.1748 1479361
94.1795 1479897
94.2362 1480433
94.2692 1480969
94.9206 1481505
94.9206 1482041
94.9206 1482577
94.9206 1483113
95.1896 1483649
95.2038 1484185
95.2038 1484721
95.2038 1485257
95.2038 1485793
95.2038 1486329
95.2038 1486865
95.2038 1487401
95.2038 1487937
95.2038 1488473
95.2038 1489009
95.2038 1489545
95.2038 1490081
95.2038 1490617
95.2038 1491153
95.2038 1491689
95.2038 1492225
95.2179 1492761
95.2982 1493297
95.3029 1493833
95.3973 1494369
95.4162 1494905
95.4256 1495441
95.6899 1495977
95.7041 1496513
95.7985 1497049
95.8079 1497585
95.8882 1498121
95.8929 1498657
95.9259 1499193
96.1383 1499729
96.2091 1500265
96.2138 1500801
96.2233 1501337
96.3035 1501873
96.3082 1502409
96.3979 1502945
96.4026 1503481
96.6386 1504017
96.7189 1504553
96.7236 1505089
96.7283 1505625
96.733 1506161
96.8227 1506697
96.8274 1507233
96.9171 1507769
96.9218 1508305
97.2334 1508841
97.2381 1509377
97.2428 1509913
97.3089 1510449
97.3136 1510985
97.3372 1511521
97.3419 1512057
97.4363 1512593
97.441 1513129
97.6393 1513665
97.7526 1514201
97.7573 1514737
97.8234 1515273
97.8281 1515809
97.8611 1516345
97.9366 1516881
97.9508 1517417
97.9555 1517953
98.1585 1518489
98.1632 1519025
98.2718 1519561
98.2765 1520097
98.3426 1520633
98.4228 1521169
98.4511 1521705
98.4558 1522241
98.4606 1522777
98.5502 1523313
98.555 1523849
98.6777 1524385
98.6824 1524921
98.791 1525457
98.7957 1525993
98.9373 1526529
98.942 1527065
98.9845 1527601
99.06 1528137
99.0647 1528673
99.0694 1529209
99.1969 1529745
99.2016 1530281
99.3054 1530817
99.3102 1531353
99.4518 1531889
99.4565 1532425
99.5131 1532961
99.5839 1533497
99.5886 1534033
99.5934 1534569
99.7161 1535105
99.7208 1535641
99.7255 1536177
99.7869 1536713
99.7963 1537249
99.9285 1537785
99.9379 1538321
99.9946 1538857
99.9993 1539393
