1.3272 2145
1.34136 2681
1.3508 3217
2.05165 3753
2.05637 4289
2.06109 4825
2.24646 5361
2.25118 5897
2.76094 6433
2.76566 6969
2.77038 7505
2.88366 8041
2.89782 8577
2.90726 9113
3.13854 9649
3.14798 10185
3.47838 10721
3.4831 11257
3.48782 11793
3.59638 12329
3.6011 12865
3.60582 13401
3.63886 13937
3.64358 14473
3.6483 15009
3.87014 15545
3.87486 16081
3.87958 16617
4.15806 17153
4.16278 17689
4.1675 18225
4.26662 18761
4.27134 19297
4.27606 19833
4.28078 20369
4.2855 20905
4.29022 21441
4.29494 21977
4.29966 22513
4.30438 23049
4.43182 23585
4.44126 24121
4.46958 24657
4.47902 25193
4.48846 25729
4.70558 26265
4.7103 26801
4.76694 27337
4.7811 27873
4.79526 28409
4.91798 28945
4.92742 29481
4.93214 30017
4.93686 30553
4.9463 31089
4.95574 31625
4.96518 32161
4.97462 32697
4.98406 33233
4.98878 33769
4.99822 34305
5.00766 34841
5.0171 35377
5.02654 35913
5.03598 36449
5.15398 36985
5.1587 37521
5.16342 38057
5.19646 38593
5.2059 39129
5.21062 39665
5.40414 40201
5.40886 40737
5.46078 41273
5.51742 41809
5.52214 42345
5.52686 42881
5.56462 43417
5.56934 43953
5.6307 44489
5.63542 45025
5.64014 45561
5.6779 46097
5.68262 46633
5.68734 47169
5.73926 47705
5.74398 48241
6.68798 48777
6.68798 49313
6.68798 49849
6.68798 50385
6.68798 50921
6.68798 51457
6.87206 51993
6.8815 52529
6.8815 53065
6.8815 53601
6.8815 54137
6.89094 54673
6.90038 55209
6.90038 55745
6.90038 56281
6.90982 56817
6.90982 57353
6.90982 57889
6.90982 58425
6.93814 58961
6.93814 59497
6.93814 60033
6.94758 60569
6.94758 61105
6.94758 61641
6.94758 62177
6.94758 62713
6.94758 63249
6.94758 63785
6.94758 64321
6.94758 64857
6.94758 65393
6.94758 65929
6.94758 66465
6.94758 67001
6.94758 67537
6.94758 68073
6.94758 68609
6.94758 69145
6.94758 69681
6.94758 70217
6.94758 70753
6.94758 71289
6.94758 71825
6.94758 72361
6.94758 72897
6.94758 73433
6.94758 73969
6.94758 74505
6.94758 75041
6.94758 75577
6.95702 76113
6.9995 76649
7.00894 77185
7.0231 77721
7.0703 78257
7.07974 78793
7.08918 79329
7.09862 79865
7.13638 80401
7.20246 80937
7.21662 81473
7.26382 82009
7.27326 82545
7.37238 83081
7.38182 83617
7.39126 84153
7.58006 84689
7.59422 85225
7.6131 85761
7.65086 86297
7.66974 86833
7.6839 87369
7.73582 87905
7.74998 88441
7.7547 88977
7.76414 89513
7.76886 90049
7.79246 90585
7.79718 91121
7.84438 91657
7.90102 92193
7.92462 92729
7.92934 93265
7.9907 93801
7.99542 94337
8.08982 94873
8.09454 95409
8.09926 95945
8.2975 96481
8.30222 97017
8.35886 97553
8.40134 98089
8.4155 98625
8.42022 99161
8.47214 99697
8.47686 100233
8.53822 100769
8.54294 101305
8.54766 101841
9.37366 102377
9.37366 102913
9.37366 103449
9.37366 103985
9.37366 104521
9.37366 105057
9.37366 105593
9.37366 106129
9.37366 106665
9.37366 107201
9.37366 107737
9.37366 108273
9.37366 108809
9.37366 109345
9.37366 109881
9.37366 110417
9.37366 110953
9.37366 111489
9.37366 112025
9.37366 112561
9.37366 113097
9.37366 113633
9.37366 114169
9.37366 114705
9.37366 115241
9.37366 115777
9.77958 116313
9.78902 116849
9.8315 117385
9.84566 117921
9.88342 118457
9.89758 118993
9.91174 119529
9.92118 120065
10.0109 120601
10.025 121137
10.0581 121673
10.4545 122209
10.4593 122745
10.5112 123281
10.5206 123817
10.5631 124353
10.5773 124889
10.5961 125425
10.6056 125961
10.7094 126497
10.7189 127033
10.9218 127569
11.1295 128105
11.1389 128641
11.1956 129177
11.2003 129713
11.2664 130249
11.2758 130785
11.3041 131321
11.3136 131857
11.4316 132393
11.4363 132929
11.7856 133465
11.795 134001
11.8139 134537
11.8233 135073
11.8847 135609
11.8941 136145
11.9744 136681
11.9838 137217
12.0263 137753
12.031 138289
12.149 138825
12.1537 139361
12.5077 139897
12.5125 140433
12.5455 140969
12.5833 141505
12.6163 142041
12.621 142577
12.7013 143113
12.706 143649
12.7579 144185
12.8476 144721
12.8665 145257
12.8712 145793
13.2252 146329
13.2299 146865
13.3054 147401
13.3101 147937
13.3149 148473
13.3951 149009
13.3998 149545
13.4187 150081
13.4234 150617
13.5603 151153
13.565 151689
13.6169 152225
13.6877 152761
13.9426 153297
13.9473 153833
14.037 154369
14.1078 154905
14.1125 155441
14.1173 155977
14.1833 156513
14.1881 157049
14.273 157585
14.2777 158121
14.3297 158657
14.4099 159193
14.6034 159729
14.6601 160265
14.6648 160801
14.83 161337
14.8347 161873
14.8394 162409
14.9008 162945
14.9055 163481
14.9102 164017
14.9574 164553
14.9905 165089
14.9952 165625
15.1226 166161
15.1273 166697
15.3492 167233
15.3586 167769
15.5144 168305
15.5238 168841
15.5285 169377
15.538 169913
15.6182 170449
15.6229 170985
15.6796 171521
15.6843 172057
15.7079 172593
15.7126 173129
15.8401 173665
15.8448 174201
16.0619 174737
16.0713 175273
16.2224 175809
16.2365 176345
16.2507 176881
16.2554 177417
16.3451 177953
16.3498 178489
16.3545 179025
16.4065 179561
16.4112 180097
16.4584 180633
16.5339 181169
16.5622 181705
16.5669 182241
16.7841 182777
16.7888 183313
16.9493 183849
16.954 184385
17.0153 184921
17.1003 185457
17.105 185993
17.1097 186529
17.1664 187065
17.1711 187601
17.223 188137
17.2277 188673
17.2749 189209
17.2797 189745
17.4826 190281
17.5393 190817
17.544 191353
17.6667 191889
17.6714 192425
17.813 192961
17.8177 193497
17.8225 194033
17.8791 194569
17.8838 195105
17.8885 195641
17.9593 196177
17.9641 196713
18.0301 197249
18.0349 197785
18.0396 198321
18.2425 198857
18.252 199393
18.3653 199929
18.37 200465
18.4927 201001
18.4974 201537
18.5021 202073
18.5116 202609
18.5493 203145
18.5541 203681
18.6296 204217
18.6343 204753
18.7051 205289
18.7145 205825
18.7193 206361
18.724 206897
18.9317 207433
18.9458 207969
19.0497 208505
19.0591 209041
19.1913 209577
19.196 210113
19.2054 210649
19.2149 211185
19.2479 211721
19.2526 212257
19.3281 212793
19.3376 213329
19.3423 213865
19.3989 214401
19.4084 214937
19.4178 215473
19.4273 216009
19.6255 216545
19.6397 217081
19.7435 217617
19.7529 218153
19.9087 218689
19.9134 219225
19.9323 219761
19.9417 220297
19.9606 220833
19.9701 221369
20.0456 221905
20.055 222441
20.1069 222977
20.1164 223513
20.14 224049
20.1872 224585
20.3241 225121
20.3335 225657
20.4562 226193
20.4609 226729
20.6309 227265
20.6356 227801
20.6545 228337
20.7017 228873
20.73 229409
20.7347 229945
20.7677 230481
20.7725 231017
20.8197 231553
20.8244 232089
20.8857 232625
20.9424 233161
20.9471 233697
21.0368 234233
21.0415 234769
21.1689 235305
21.1737 235841
21.3436 236377
21.3483 236913
21.4144 237449
21.471 237985
21.4852 238521
21.4899 239057
21.5513 239593
21.556 240129
21.6221 240665
21.6362 241201
21.6409 241737
21.6693 242273
21.674 242809
21.7542 243345
21.7589 243881
21.7637 244417
21.8864 244953
21.8911 245489
22.061 246025
22.0657 246561
22.1837 247097
22.1885 247633
22.2168 248169
22.2781 248705
22.2829 249241
22.3017 249777
22.3725 250313
22.3773 250849
22.4339 251385
22.4386 251921
22.4669 252457
22.4717 252993
22.4764 253529
22.5472 254065
22.5519 254601
22.6133 255137
22.618 255673
22.7596 256209
22.7737 256745
22.8823 257281
22.8917 257817
22.9437 258353
22.9484 258889
22.9673 259425
22.9767 259961
23.0569 260497
23.0664 261033
23.1136 261569
23.1183 262105
23.1419 262641
23.1466 263177
23.208 263713
23.2127 264249
23.2599 264785
23.2693 265321
23.4157 265857
23.4204 266393
23.5384 266929
23.5431 267465
23.5809 268001
23.5856 268537
23.6045 269073
23.6139 269609
23.6847 270145
23.6894 270681
23.7555 271217
23.7602 271753
23.7838 272289
23.7933 272825
23.8499 273361
23.8593 273897
23.9018 274433
23.9113 274969
24.0481 275505
24.0576 276041
24.067 276577
24.185 277113
24.1945 277649
24.2322 278185
24.2369 278721
24.2558 279257
24.2653 279793
24.3408 280329
24.3502 280865
24.4069 281401
24.4116 281937
24.4352 282473
24.4446 283009
24.5107 283545
24.5201 284081
24.5626 284617
24.5721 285153
24.7184 285689
24.7325 286225
24.742 286761
24.7467 287297
24.893 287833
24.9025 288369
24.9261 288905
24.9308 289441
24.9544 289977
24.9638 290513
25.0393 291049
25.0441 291585
25.0913 292121
25.1007 292657
25.1337 293193
25.1432 293729
25.2045 294265
25.214 294801
25.2659 295337
25.2753 295873
25.4311 296409
25.4358 296945
25.45 297481
25.4594 298017
25.6152 298553
25.6199 299089
25.6246 299625
25.6388 300161
25.6435 300697
25.6718 301233
25.6813 301769
25.7426 302305
25.7473 302841
25.804 303377
25.8134 303913
25.8559 304449
25.8606 304985
25.9267 305521
25.9314 306057
25.9881 306593
25.9928 307129
26.1533 307665
26.158 308201
26.1816 308737
26.2193 309273
26.3421 309809
26.3468 310345
26.3515 310881
26.3704 311417
26.4034 311953
26.4081 312489
26.4506 313025
26.4601 313561
26.5167 314097
26.5214 314633
26.5781 315169
26.5828 315705
26.6394 316241
26.6441 316777
26.7008 317313
26.7055 317849
26.866 318385
26.8707 318921
26.9415 319457
27.0406 319993
27.0548 320529
27.0595 321065
27.0642 321601
27.0973 322137
27.1161 322673
27.1209 323209
27.1256 323745
27.1822 324281
27.1869 324817
27.2294 325353
27.2341 325889
27.2908 326425
27.2955 326961
27.3663 327497
27.4513 328033
27.456 328569
27.4607 329105
27.5787 329641
27.5834 330177
27.6542 330713
27.6589 331249
27.7675 331785
27.7722 332321
27.7769 332857
27.8383 333393
27.843 333929
27.8477 334465
27.9185 335001
27.9233 335537
27.9657 336073
27.9705 336609
27.9752 337145
28.046 337681
28.0507 338217
28.1026 338753
28.1545 339289
28.164 339825
28.1687 340361
28.1781 340897
28.3056 341433
28.3103 341969
28.3811 342505
28.3858 343041
28.4849 343577
28.4897 344113
28.5557 344649
28.5605 345185
28.5652 345721
28.5982 346257
28.636 346793
28.6407 347329
28.6785 347865
28.6832 348401
28.6879 348937
28.7634 349473
28.7681 350009
28.8248 350545
28.8814 351081
28.8956 351617
28.9003 352153
28.9664 352689
28.9853 353225
29.0372 353761
29.0419 354297
29.0985 354833
29.1033 355369
29.2024 355905
29.2071 356441
29.2779 356977
29.2826 357513
29.3393 358049
29.4053 358585
29.4101 359121
29.4148 359657
29.4997 360193
29.5045 360729
29.5564 361265
29.5611 361801
29.58 362337
29.6461 362873
29.6508 363409
29.7452 363945
29.7499 364481
29.7546 365017
29.849 365553
29.8537 366089
29.9198 366625
29.9245 367161
29.9293 367697
30.0237 368233
30.0284 368769
30.0803 369305
30.085 369841
30.0897 370377
30.17 370913
30.1747 371449
30.2125 371985
30.2172 372521
30.2927 373057
30.3777 373593
30.3824 374129
30.3871 374665
30.4579 375201
30.4626 375737
30.5429 376273
30.557 376809
30.5617 377345
30.6231 377881
30.6278 378417
30.6845 378953
30.6892 379489
30.7081 380025
30.793 380561
30.7977 381097
30.8308 381633
30.8355 382169
30.8402 382705
30.9205 383241
30.9346 383777
30.9724 384313
30.9771 384849
31.0196 385385
31.0715 385921
31.0951 386457
31.0998 386993
31.1801 387529
31.1848 388065
31.2556 388601
31.2603 389137
31.3311 389673
31.3547 390209
31.3594 390745
31.3877 391281
31.4397 391817
31.4444 392353
31.5199 392889
31.5246 393425
31.5529 393961
31.6143 394497
31.619 395033
31.6379 395569
31.6993 396105
31.704 396641
31.7087 397177
31.7134 397713
31.7653 398249
31.7795 398785
31.8267 399321
31.8314 399857
31.8975 400393
31.9022 400929
31.973 401465
31.9777 402001
31.9825 402537
32.0674 403073
32.0721 403609
32.1429 404145
32.1524 404681
32.1571 405217
32.1901 405753
32.2468 406289
32.2515 406825
32.3317 407361
32.3365 407897
32.3742 408433
32.4073 408969
32.4167 409505
32.4214 410041
32.4261 410577
32.4545 411113
32.4922 411649
32.4969 412185
32.5536 412721
32.5583 413257
32.6197 413793
32.6763 414329
32.6905 414865
32.6952 415401
32.7849 415937
32.7896 416473
32.8651 417009
32.8698 417545
32.8745 418081
32.9217 418617
32.9595 419153
32.9642 419689
33.0586 420225
33.0633 420761
33.1247 421297
33.2097 421833
33.2144 422369
33.2191 422905
33.2663 423441
33.271 423977
34.1395 424513
34.1395 425049
34.1395 425585
34.1395 426121
34.1395 426657
34.1395 427193
34.1395 427729
34.1395 428265
34.1395 428801
34.1395 429337
34.1395 429873
34.1395 430409
34.1395 430945
34.1395 431481
34.1395 432017
34.1395 432553
34.1395 433089
34.1395 433625
34.1395 434161
34.1395 434697
34.1395 435233
34.1395 435769
34.1395 436305
34.1395 436841
34.1395 437377
34.1395 437913
34.1395 438449
34.1395 438985
34.4605 439521
34.4699 440057
34.5218 440593
34.5973 441129
34.6021 441665
34.6115 442201
34.6587 442737
34.6681 443273
34.7814 443809
34.7909 444345
34.805 444881
34.8428 445417
35.1354 445953
35.1449 446489
35.277 447025
35.2865 447561
35.2959 448097
35.3053 448633
35.362 449169
35.3714 449705
35.513 450241
35.5177 450777
35.5602 451313
35.5649 451849
35.834 452385
35.8434 452921
35.985 453457
35.9945 453993
36.0133 454529
36.0275 455065
36.0794 455601
36.0841 456137
36.2352 456673
36.2399 457209
36.3107 457745
36.3485 458281
36.5656 458817
36.5703 459353
36.575 459889
36.7119 460425
36.7166 460961
36.7733 461497
36.8441 462033
36.8488 462569
36.8535 463105
36.9526 463641
36.9573 464177
37.0612 464713
37.0659 465249
37.2925 465785
37.2972 466321
37.4293 466857
37.4341 467393
37.4907 467929
37.4954 468465
37.5709 469001
37.5757 469537
37.6701 470073
37.6748 470609
37.7739 471145
37.7786 471681
37.9816 472217
38.0193 472753
38.0335 473289
38.1609 473825
38.1657 474361
38.1704 474897
38.2317 475433
38.2365 475969
38.2884 476505
38.2931 477041
38.3875 477577
38.3922 478113
38.4913 478649
38.4961 479185
38.6896 479721
38.699 480257
38.8501 480793
38.8595 481329
38.8689 481865
38.8737 482401
38.9303 482937
38.935 483473
38.9964 484009
39.0011 484545
39.0813 485081
39.0861 485617
39.1852 486153
39.1899 486689
39.3929 487225
39.4023 487761
39.5675 488297
39.5769 488833
39.6005 489369
39.6241 489905
39.6289 490441
39.6477 490977
39.6525 491513
39.7138 492049
39.728 492585
39.7988 493121
39.8035 493657
39.9026 494193
39.9073 494729
40.115 495265
40.1197 495801
40.2897 496337
40.2944 496873
40.351 497409
40.3793 497945
40.3841 498481
40.4313 499017
40.4926 499553
40.4973 500089
40.5398 500625
40.5445 501161
40.6153 501697
40.6201 502233
40.823 502769
40.8655 503305
40.8891 503841
41.0071 504377
41.0118 504913
41.1109 505449
41.1157 505985
41.1723 506521
41.2525 507057
41.2573 507593
41.262 508129
41.3375 508665
41.3422 509201
41.4083 509737
41.413 510273
41.4177 510809
41.5782 511345
41.5829 511881
41.7198 512417
41.7245 512953
41.8284 513489
41.8331 514025
41.9228 514561
41.9747 515097
41.9794 515633
41.9936 516169
42.0597 516705
42.0644 517241
42.1257 517777
42.1305 518313
42.1352 518849
42.1871 519385
42.2862 519921
42.2957 520457
42.4278 520993
42.4325 521529
42.5033 522065
42.5128 522601
42.6733 523137
42.678 523673
42.6874 524209
42.6969 524745
42.7724 525281
42.7771 525817
42.7865 526353
42.8337 526889
42.8385 527425
42.8904 527961
42.8998 528497
42.9801 529033
42.9895 529569
43.1358 530105
43.1453 530641
43.2019 531177
43.2113 531713
43.3765 532249
43.386 532785
43.4001 533321
43.4096 533857
43.4898 534393
43.4945 534929
43.537 535465
43.5465 536001
43.5937 536537
43.6031 537073
43.6645 537609
43.6739 538145
43.8627 538681
43.8674 539217
43.9193 539753
43.9901 540289
44.0893 540825
44.094 541361
44.1506 541897
44.2073 542433
44.212 542969
44.2167 543505
44.2733 544041
44.2875 544577
44.3394 545113
44.3441 545649
44.3489 546185
44.4055 546721
44.4102 547257
44.5565 547793
44.5613 548329
44.6179 548865
44.6273 549401
44.802 549937
44.8067 550473
44.8586 551009
44.8681 551545
44.9247 552081
44.9294 552617
44.9908 553153
45.0238 553689
45.0569 554225
45.0616 554761
45.0663 555297
45.1229 555833
45.1277 556369
45.1324 556905
45.2834 557441
45.2881 557977
45.3401 558513
45.3448 559049
45.5289 559585
45.5336 560121
45.5808 560657
45.6374 561193
45.6421 561729
45.6469 562265
45.7365 562801
45.7413 563337
45.7837 563873
45.8309 564409
45.8357 564945
45.8404 565481
45.9206 566017
45.9253 566553
45.9773 567089
46.0103 567625
46.015 568161
46.0575 568697
46.0622 569233
46.2463 569769
46.251 570305
46.3501 570841
46.3549 571377
46.3596 571913
46.3879 572449
46.454 572985
46.4587 573521
46.5578 574057
46.5625 574593
46.5673 575129
46.6145 575665
46.6381 576201
46.6428 576737
46.7325 577273
46.7372 577809
46.7702 578345
46.8221 578881
46.9543 579417
46.9637 579953
47.0629 580489
47.0676 581025
47.0723 581561
47.1289 582097
47.1667 582633
47.1714 583169
47.2753 583705
47.28 584241
47.2847 584777
47.313 585313
47.3602 585849
47.3649 586385
47.4452 586921
47.4499 587457
47.4546 587993
47.5065 588529
47.5207 589065
47.667 589601
47.6717 590137
47.7803 590673
47.785 591209
47.7897 591745
47.8228 592281
47.8794 592817
47.8841 593353
47.988 593889
47.9927 594425
47.9974 594961
48.0541 595497
48.0777 596033
48.0824 596569
48.1626 597105
48.1673 597641
48.1721 598177
48.1909 598713
48.2334 599249
48.2381 599785
48.3845 600321
48.3892 600857
48.4977 601393
48.5025 601929
48.5874 602465
48.6629 603001
48.6677 603537
48.6724 604073
48.7337 604609
48.7479 605145
48.8045 605681
48.8093 606217
48.814 606753
48.8801 607289
48.8848 607825
48.9367 608361
48.9414 608897
48.9461 609433
49.0075 609969
49.0122 610505
49.0925 611041
49.1066 611577
49.1255 612113
49.2152 612649
49.2199 613185
49.3757 613721
49.3804 614257
49.3851 614793
49.4087 615329
49.4606 615865
49.4653 616401
49.522 616937
49.5267 617473
49.6022 618009
49.6069 618545
49.6447 619081
49.6541 619617
49.6589 620153
49.6636 620689
49.7155 621225
49.7249 621761
49.8146 622297
49.8193 622833
49.9185 623369
49.9279 623905
50.0695 624441
50.0789 624977
50.0884 625513
50.0978 626049
50.1497 626585
50.1545 627121
50.2158 627657
50.2253 628193
50.2866 628729
50.2961 629265
50.3197 629801
50.3291 630337
50.3433 630873
50.3527 631409
50.3857 631945
50.3905 632481
50.4849 633017
50.4943 633553
50.6076 634089
50.617 634625
50.6265 635161
50.7633 635697
50.7728 636233
50.7869 636769
50.7964 637305
50.8389 637841
50.8483 638377
50.9097 638913
50.9144 639449
50.9805 639985
50.9852 640521
51.0135 641057
51.0182 641593
51.0465 642129
51.0513 642665
51.089 643201
51.0985 643737
51.1834 644273
51.1929 644809
51.325 645345
51.3297 645881
51.3533 646417
51.3628 646953
51.4855 647489
51.4902 648025
51.528 648561
51.5657 649097
51.5799 649633
51.5988 650169
51.646 650705
51.6507 651241
51.6979 651777
51.7026 652313
51.7498 652849
51.7923 653385
51.797 653921
51.8159 654457
51.8631 654993
51.8678 655529
51.9056 656065
51.9197 656601
52.0425 657137
52.0472 657673
52.0991 658209
52.1605 658745
52.2029 659281
52.2077 659817
52.2124 660353
52.2785 660889
52.2832 661425
52.3162 661961
52.3729 662497
52.3776 663033
52.3823 663569
52.4295 664105
52.4342 664641
52.5192 665177
52.5239 665713
52.5286 666249
52.5853 666785
52.59 667321
52.5947 667857
52.6466 668393
52.6844 668929
52.7599 669465
52.7646 670001
52.8732 670537
52.8779 671073
52.9204 671609
52.9251 672145
52.9959 672681
53.0006 673217
53.0573 673753
53.1328 674289
53.1375 674825
53.1422 675361
53.1894 675897
53.1941 676433
53.2697 676969
53.2744 677505
53.2791 678041
53.3499 678577
53.3546 679113
53.4396 679649
53.4585 680185
53.4632 680721
53.5481 681257
53.5529 681793
53.6237 682329
53.6284 682865
53.6331 683401
53.7086 683937
53.7133 684473
53.7889 685009
53.7936 685545
53.7983 686081
53.8502 686617
53.8549 687153
53.8597 687689
53.9257 688225
53.9305 688761
53.9824 689297
53.9871 689833
53.9918 690369
54.0579 690905
54.0673 691441
54.0721 691977
54.1901 692513
54.1948 693049
54.2703 693585
54.275 694121
54.3364 694657
54.3411 695193
54.3458 695729
54.3789 696265
54.4355 696801
54.4402 697337
54.5063 697873
54.511 698409
54.5629 698945
54.5677 699481
54.5724 700017
54.5865 700553
54.6196 701089
54.6243 701625
54.6857 702161
54.6951 702697
54.7659 703233
54.7753 703769
54.7848 704305
54.7895 704841
54.8792 705377
54.8886 705913
54.9736 706449
54.983 706985
55.0255 707521
55.0349 708057
55.0774 708593
55.0869 709129
55.1435 709665
55.1529 710201
55.2143 710737
55.219 711273
55.2709 711809
55.2757 712345
55.2898 712881
55.2993 713417
55.3087 713953
55.337 714489
55.3417 715025
55.3984 715561
55.4125 716097
55.4881 716633
55.4928 717169
55.5164 717705
55.5872 718241
55.6061 718777
55.6108 719313
55.7052 719849
55.7099 720385
55.7524 720921
55.7571 721457
55.8137 721993
55.8232 722529
55.8845 723065
55.8893 723601
55.9506 724137
55.9553 724673
55.9978 725209
56.0309 725745
56.0356 726281
56.0497 726817
56.1017 727353
56.1158 727889
56.1489 728425
56.1536 728961
56.2008 729497
56.2055 730033
56.2338 730569
56.3235 731105
56.3282 731641
56.3329 732177
56.4226 732713
56.4273 733249
56.4651 733785
56.4698 734321
56.5312 734857
56.5784 735393
56.6067 735929
56.6114 736465
56.7011 737001
56.7719 737537
56.7766 738073
56.7813 738609
56.8474 739145
56.8521 739681
56.9371 740217
56.9418 740753
56.9465 741289
56.9796 741825
56.9843 742361
57.8858 742897
57.8858 743433
57.8858 743969
57.8858 744505
57.8858 745041
57.8858 745577
57.8858 746113
57.8858 746649
57.8858 747185
57.8858 747721
57.8858 748257
57.8858 748793
57.8858 749329
57.8858 749865
57.8858 750401
57.8858 750937
57.8858 751473
57.8858 752009
57.8858 752545
57.8858 753081
57.8858 753617
57.8858 754153
57.8858 754689
57.8858 755225
57.8858 755761
57.8858 756297
57.8858 756833
57.8858 757369
58.169 757905
58.2115 758441
58.2257 758977
58.3106 759513
58.3201 760049
58.3295 760585
58.3814 761121
58.3909 761657
58.4239 762193
58.4805 762729
58.49 763265
58.5466 763801
58.7921 764337
58.8015 764873
58.9053 765409
58.9148 765945
58.9337 766481
58.9384 767017
58.9714 767553
58.9809 768089
59.0753 768625
59.0894 769161
59.1508 769697
59.1649 770233
59.4009 770769
59.4104 771305
59.5331 771841
59.5473 772377
59.5567 772913
59.5661 773449
59.5992 773985
59.6086 774521
59.7077 775057
59.7219 775593
59.7974 776129
59.8069 776665
60.0287 777201
60.0334 777737
60.0429 778273
60.1703 778809
60.1797 779345
60.1986 779881
60.2081 780417
60.2411 780953
60.2505 781489
60.3685 782025
60.378 782561
60.4582 783097
60.4677 783633
60.6848 784169
60.6942 784705
60.8264 785241
60.8358 785777
60.8547 786313
60.8641 786849
60.8925 787385
60.9019 787921
61.0152 788457
61.0246 788993
61.1143 789529
61.1237 790065
61.3597 790601
61.3833 791137
61.3881 791673
61.5249 792209
61.5344 792745
61.5438 793281
61.5627 793817
61.5721 794353
61.5957 794889
61.6052 795425
61.7137 795961
61.7232 796497
61.827 797033
61.8412 797569
62.0772 798105
62.0866 798641
62.2235 799177
62.2329 799713
62.2518 800249
62.2565 800785
62.2801 801321
62.2896 801857
62.3132 802393
62.3321 802929
62.4312 803465
62.4501 804001
62.5539 804537
62.5586 805073
62.7899 805609
62.7993 806145
62.9457 806681
62.9504 807217
62.9787 807753
62.9929 808289
62.9976 808825
63.0542 809361
63.1014 809897
63.1061 810433
63.1581 810969
63.1628 811505
63.1675 812041
63.2761 812577
63.2808 813113
63.5121 813649
63.5168 814185
63.6631 814721
63.6678 815257
63.7056 815793
63.7669 816329
63.7717 816865
63.7764 817401
63.833 817937
63.8377 818473
63.918 819009
63.9227 819545
63.9888 820081
63.9935 820617
64.1965 821153
64.2531 821689
64.2578 822225
64.3853 822761
64.39 823297
64.4797 823833
64.4844 824369
64.4891 824905
64.5221 825441
64.5269 825977
64.5505 826513
64.5552 827049
64.6401 827585
64.6449 828121
64.7157 828657
64.7204 829193
64.9328 829729
64.9422 830265
65.0555 830801
65.0649 831337
65.1452 831873
65.1546 832409
65.1641 832945
65.1735 833481
65.2113 834017
65.2207 834553
65.2396 835089
65.2443 835625
65.3293 836161
65.3387 836697
65.4048 837233
65.4095 837769
65.6455 838305
65.6502 838841
65.7493 839377
65.7588 839913
65.8437 840449
65.8532 840985
65.8721 841521
65.8815 842057
65.9287 842593
65.9381 843129
65.9523 843665
65.957 844201
65.9617 844737
66.0514 845273
66.0561 845809
66.1175 846345
66.1269 846881
66.3724 847417
66.3771 847953
66.4715 848489
66.4762 849025
66.5706 849561
66.5753 850097
66.5942 850633
66.6697 851169
66.6839 851705
66.6886 852241
66.7453 852777
66.75 853313
66.783 853849
66.7877 854385
66.8302 854921
66.8349 855457
67.0662 855993
67.1134 856529
67.1512 857065
67.1984 857601
67.2031 858137
67.2881 858673
67.2928 859209
67.3919 859745
67.3966 860281
67.4013 860817
67.4297 861353
67.4627 861889
67.4674 862425
67.5193 862961
67.5949 863497
67.5996 864033
67.6043 864569
67.6657 865105
67.8261 865641
67.8309 866177
67.9111 866713
67.9158 867249
68.0149 867785
68.0197 868321
68.1046 868857
68.1801 869393
68.1849 869929
68.1896 870465
68.2745 871001
68.2793 871537
68.3548 872073
68.3595 872609
68.3642 873145
68.4397 873681
68.4445 874217
68.4775 874753
68.5389 875289
68.5483 875825
68.6427 876361
68.6474 876897
68.7371 877433
68.7418 877969
68.8976 878505
68.9023 879041
68.907 879577
68.9589 880113
68.992 880649
68.9967 881185
69.0817 881721
69.0864 882257
69.1619 882793
69.1666 883329
69.1713 883865
69.2233 884401
69.228 884937
69.261 885473
69.2657 886009
69.3649 886545
69.3696 887081
69.4545 887617
69.4593 888153
69.6197 888689
69.6245 889225
69.6811 889761
69.7708 890297
69.7755 890833
69.7802 891369
69.8227 891905
69.8463 892441
69.9029 892977
69.9077 893513
69.9454 894049
69.9501 894585
69.9973 895121
70.0493 895657
70.0823 896193
70.087 896729
70.1814 897265
70.1861 897801
70.3325 898337
70.3372 898873
70.3938 899409
70.4741 899945
70.4882 900481
70.4929 901017
70.5732 901553
70.5779 902089
70.6487 902625
70.6534 903161
70.6723 903697
70.762 904233
70.7667 904769
70.8469 905305
70.8517 905841
70.8564 906377
70.9319 906913
70.9366 907449
71.0074 907985
71.0593 908521
71.0641 909057
71.1254 909593
71.1868 910129
71.2009 910665
71.2057 911201
71.3001 911737
71.3048 912273
71.3709 912809
71.4181 913345
71.4369 913881
71.4511 914417
71.503 914953
71.5077 915489
71.5738 916025
71.5785 916561
71.6446 917097
71.6493 917633
71.7201 918169
71.7249 918705
71.7721 919241
71.7815 919777
71.8712 920313
71.8806 920849
71.9089 921385
71.9184 921921
72.0033 922457
72.0081 922993
72.1213 923529
72.1308 924065
72.1497 924601
72.1544 925137
72.2016 925673
72.2063 926209
72.2724 926745
72.2818 927281
72.3526 927817
72.3573 928353
72.3621 928889
72.4093 929425
72.414 929961
72.4659 930497
72.4753 931033
72.5792 931569
72.5933 932105
72.6358 932641
72.6405 933177
72.7161 933713
72.7255 934249
72.8435 934785
72.8482 935321
72.8671 935857
72.8813 936393
72.9143 936929
72.919 937465
72.9898 938001
72.9993 938537
73.0795 939073
73.0842 939609
73.1361 940145
73.155 940681
73.1786 941217
73.1928 941753
73.2919 942289
73.2966 942825
73.3485 943361
73.4146 943897
73.4382 944433
73.4429 944969
73.5609 945505
73.5657 946041
73.6223 946577
73.6931 947113
73.6978 947649
73.712 948185
73.7356 948721
73.7403 949257
73.7969 949793
73.8017 950329
73.8583 950865
73.863 951401
73.9149 951937
73.9857 952473
73.9905 953009
74.0046 953545
74.0093 954081
74.0849 954617
74.1604 955153
74.1651 955689
74.1698 956225
74.2737 956761
74.2784 957297
74.3445 957833
74.4058 958369
74.4105 958905
74.4153 959441
74.4813 959977
74.4861 960513
74.5757 961049
74.5805 961585
74.5852 962121
74.6513 962657
74.656 963193
74.7504 963729
74.7551 964265
74.7693 964801
74.8306 965337
74.8353 965873
74.9109 966409
74.9156 966945
74.9203 967481
74.9722 968017
74.9958 968553
75.0005 969089
75.1185 969625
75.1233 970161
75.128 970697
75.1941 971233
75.1988 971769
75.2035 972305
75.2932 972841
75.2979 973377
75.364 973913
75.3687 974449
75.4773 974985
75.482 975521
75.4867 976057
75.5481 976593
75.5528 977129
75.5575 977665
75.6236 978201
75.6283 978737
75.6755 979273
75.6944 979809
75.6991 980345
75.718 980881
75.7227 981417
75.8218 981953
75.8313 982489
75.8879 983025
75.8973 983561
75.9068 984097
75.9115 984633
75.9823 985169
75.987 985705
76.0295 986241
76.0389 986777
76.1617 987313
76.1758 987849
76.2325 988385
76.2419 988921
76.2466 989457
76.2561 989993
76.3269 990529
76.3316 991065
76.4118 991601
76.4165 992137
76.4401 992673
76.4496 993209
76.5204 993745
76.5298 994281
76.577 994817
76.5912 995353
76.6053 995889
76.6148 996425
76.662 996961
76.6714 997497
76.7233 998033
76.7328 998569
76.8649 999105
76.8744 999641
76.9593 1000177
76.9641 1000713
76.9688 1001249
76.9829 1001785
77.0396 1002321
77.0443 1002857
77.134 1003393
77.1387 1003929
77.1434 1004465
77.1953 1005001
77.2001 1005537
77.2331 1006073
77.2378 1006609
77.2945 1007145
77.2992 1007681
77.3228 1008217
77.37 1008753
77.3841 1009289
77.3889 1009825
77.4502 1010361
77.4549 1010897
77.5777 1011433
77.5824 1011969
77.6768 1012505
77.6815 1013041
77.6862 1013577
77.7523 1014113
77.757 1014649
77.7617 1015185
77.8467 1015721
77.8514 1016257
77.8561 1016793
77.8986 1017329
77.9128 1017865
77.9175 1018401
77.9694 1018937
78.0213 1019473
78.0261 1020009
78.0308 1020545
78.1016 1021081
78.1063 1021617
78.196 1022153
78.2007 1022689
78.2054 1023225
78.2762 1023761
78.2998 1024297
78.3045 1024833
78.4037 1025369
78.4084 1025905
78.465 1026441
78.5453 1026977
78.55 1027513
78.5547 1028049
78.5972 1028585
78.6019 1029121
78.6727 1029657
78.6774 1030193
78.6821 1030729
78.7341 1031265
78.7388 1031801
78.819 1032337
78.8332 1032873
78.8379 1033409
78.904 1033945
78.9087 1034481
78.9559 1035017
78.9606 1035553
78.9748 1036089
79.0409 1036625
79.0456 1037161
79.1164 1037697
79.1211 1038233
79.1258 1038769
79.1966 1039305
79.258 1039841
79.2627 1040377
79.2674 1040913
79.3146 1041449
79.3193 1041985
79.3241 1042521
79.3949 1043057
79.4185 1043593
79.4515 1044129
79.4562 1044665
79.5412 1045201
79.5459 1045737
79.5506 1046273
79.6025 1046809
79.6214 1047345
79.6261 1047881
79.6733 1048417
79.6781 1048953
79.7536 1049489
79.7583 1050025
79.8433 1050561
79.848 1051097
79.8527 1051633
79.9141 1052169
79.9707 1052705
79.9754 1053241
79.9801 1053777
80.0509 1054313
80.0557 1054849
80.0604 1055385
80.1076 1055921
80.1123 1056457
80.1925 1056993
80.1973 1057529
80.2586 1058065
80.2633 1058601
80.2681 1059137
80.3341 1059673
80.3389 1060209
80.3436 1060745
80.3719 1061281
80.3861 1061817
80.4805 1062353
80.4852 1062889
80.4899 1063425
80.5607 1063961
80.5654 1064497
80.5701 1065033
80.6268 1065569
80.6929 1066105
80.6976 1066641
80.7023 1067177
80.7684 1067713
80.7731 1068249
80.7778 1068785
80.8628 1069321
80.8675 1069857
80.9289 1070393
80.9525 1070929
80.9713 1071465
80.9761 1072001
80.9808 1072537
81.0374 1073073
81.0516 1073609
81.0563 1074145
81.1035 1074681
81.1601 1075217
81.1932 1075753
81.1979 1076289
81.2026 1076825
81.2498 1077361
81.2829 1077897
81.2876 1078433
81.3395 1078969
81.3442 1079505
81.4197 1080041
81.4245 1080577
81.4905 1081113
81.5519 1081649
81.5661 1082185
81.5708 1082721
81.6227 1083257
81.6274 1083793
81.6888 1084329
81.6935 1084865
81.6982 1085401
81.7643 1085937
81.769 1086473
81.8068 1087009
81.8115 1087545
81.8162 1088081
81.887 1088617
81.8917 1089153
81.9389 1089689
81.9531 1090225
81.9578 1090761
82.0239 1091297
82.0286 1091833
82.09 1092369
82.0947 1092905
82.1089 1093441
82.1891 1093977
82.1938 1094513
82.1985 1095049
82.2741 1095585
82.2788 1096121
82.2835 1096657
82.3401 1097193
82.3543 1097729
82.359 1098265
82.4109 1098801
82.4157 1099337
82.477 1099873
82.4817 1100409
82.5478 1100945
82.6281 1101481
82.6469 1102017
82.6517 1102553
82.713 1103089
82.7272 1103625
82.7885 1104161
82.7933 1104697
82.798 1105233
82.8735 1105769
82.8877 1106305
82.949 1106841
82.9537 1107377
82.9585 1107913
83.0387 1108449
83.0434 1108985
83.1142 1109521
83.1189 1110057
83.1237 1110593
83.9733 1111129
83.9733 1111665
83.9733 1112201
83.9733 1112737
83.9733 1113273
83.9733 1113809
83.9733 1114345
83.9733 1114881
83.9733 1115417
83.9733 1115953
83.9733 1116489
83.9733 1117025
83.9733 1117561
83.9733 1118097
83.9733 1118633
83.9733 1119169
83.9733 1119705
83.9733 1120241
83.9733 1120777
83.9733 1121313
83.9733 1121849
83.9733 1122385
83.9733 1122921
83.9733 1123457
83.9733 1123993
83.9733 1124529
83.9733 1125065
83.9733 1125601
83.9733 1126137
83.9733 1126673
84.2801 1127209
84.2895 1127745
84.3367 1128281
84.3461 1128817
84.4217 1129353
84.4264 1129889
84.4925 1130425
84.5019 1130961
84.5113 1131497
84.5444 1132033
84.5963 1132569
84.6057 1133105
84.6577 1133641
84.9314 1134177
84.9409 1134713
84.9833 1135249
84.9881 1135785
85.0589 1136321
85.0683 1136857
85.1533 1137393
85.1627 1137929
85.2052 1138465
85.2146 1139001
85.2807 1139537
85.2901 1140073
85.5403 1140609
85.6017 1141145
85.6111 1141681
85.6489 1142217
85.663 1142753
85.7433 1143289
85.7527 1143825
85.8613 1144361
85.8707 1144897
85.9179 1145433
85.9273 1145969
85.9981 1146505
86.0217 1147041
86.2861 1147577
86.2955 1148113
86.3002 1148649
86.3333 1149185
86.3427 1149721
86.4324 1150257
86.4418 1150793
86.574 1151329
86.5787 1151865
86.6353 1152401
86.6401 1152937
86.7109 1153473
86.7156 1154009
86.9374 1154545
87.0177 1155081
87.0224 1155617
87.046 1156153
87.0507 1156689
87.1451 1157225
87.1498 1157761
87.2867 1158297
87.2914 1158833
87.3528 1159369
87.3575 1159905
87.4283 1160441
87.4755 1160977
87.6313 1161513
87.7398 1162049
87.7445 1162585
87.7917 1163121
87.8814 1163657
87.8861 1164193
87.8909 1164729
87.9569 1165265
87.9994 1165801
88.0041 1166337
88.0702 1166873
88.1457 1167409
88.1505 1167945
88.1552 1168481
88.344 1169017
88.3487 1169553
88.4573 1170089
88.462 1170625
88.6083 1171161
88.613 1171697
88.6177 1172233
88.6744 1172769
88.7121 1173305
88.7169 1173841
88.7971 1174377
88.8585 1174913
88.8632 1175449
88.8773 1175985
89.0567 1176521
89.0614 1177057
89.17 1177593
89.1747 1178129
89.3163 1178665
89.3257 1179201
89.3305 1179737
89.3352 1180273
89.406 1180809
89.4249 1181345
89.4296 1181881
89.524 1182417
89.5287 1182953
89.5901 1183489
89.6373 1184025
89.7694 1184561
89.7741 1185097
89.8827 1185633
89.8874 1186169
90.0385 1186705
90.0432 1187241
90.0479 1187777
90.114 1188313
90.1187 1188849
90.1234 1189385
90.1942 1189921
90.1989 1190457
90.2556 1190993
90.265 1191529
90.35 1192065
90.3547 1192601
90.4869 1193137
90.4916 1193673
90.6001 1194209
90.6049 1194745
90.7417 1195281
90.7465 1195817
90.822 1196353
90.8267 1196889
90.8314 1197425
90.8361 1197961
90.9069 1198497
90.9117 1199033
90.9164 1199569
90.9777 1200105
90.9825 1200641
91.0721 1201177
91.0769 1201713
91.1665 1202249
91.176 1202785
91.2798 1203321
91.2845 1203857
91.412 1204393
91.4214 1204929
91.5017 1205465
91.5111 1206001
91.5158 1206537
91.5205 1207073
91.5866 1207609
91.5961 1208145
91.6574 1208681
91.6621 1209217
91.7518 1209753
91.7613 1210289
91.8415 1210825
91.8509 1211361
91.9501 1211897
91.9595 1212433
92.0964 1212969
92.1058 1213505
92.1908 1214041
92.2002 1214577
92.2144 1215113
92.2238 1215649
92.2946 1216185
92.3041 1216721
92.3607 1217257
92.3701 1217793
92.4645 1218329
92.4693 1218865
92.474 1219401
92.5448 1219937
92.5495 1220473
92.6533 1221009
92.6628 1221545
92.8091 1222081
92.8138 1222617
92.9177 1223153
92.9224 1223689
92.9271 1224225
92.9507 1224761
93.0073 1225297
93.0121 1225833
93.0687 1226369
93.0734 1226905
93.1773 1227441
93.182 1227977
93.1867 1228513
93.2103 1229049
93.2622 1229585
93.2669 1230121
93.3849 1230657
93.3897 1231193
93.5265 1231729
93.5313 1232265
93.6351 1232801
93.6398 1233337
93.6729 1233873
93.7201 1234409
93.7248 1234945
93.7295 1235481
93.7909 1236017
93.7956 1236553
93.8947 1237089
93.8994 1237625
93.9419 1238161
94.0221 1238697
94.0269 1239233
94.0316 1239769
94.0929 1240305
94.1165 1240841
94.1779 1241377
94.244 1241913
94.2487 1242449
94.3525 1242985
94.3573 1243521
94.4328 1244057
94.48 1244593
94.4847 1245129
94.5036 1245665
94.598 1246201
94.6027 1246737
94.6782 1247273
94.6829 1247809
94.7349 1248345
94.7396 1248881
94.7443 1249417
94.7868 1249953
94.8293 1250489
94.834 1251025
94.9614 1251561
94.9661 1252097
95.0653 1252633
95.07 1253169
95.1549 1253705
95.1597 1254241
95.1974 1254777
95.2021 1255313
95.3107 1255849
95.3154 1256385
95.3909 1256921
95.3957 1257457
95.4287 1257993
95.4381 1258529
95.4476 1259065
95.4617 1259601
95.5325 1260137
95.542 1260673
95.6458 1261209
95.6505 1261745
95.66 1262281
95.7591 1262817
95.7685 1263353
95.8441 1263889
95.8535 1264425
95.896 1264961
95.9054 1265497
96.0093 1266033
96.0234 1266569
96.0848 1267105
96.0942 1267641
96.1225 1268177
96.132 1268713
96.1509 1269249
96.1556 1269785
96.2453 1270321
96.25 1270857
96.3538 1271393
96.3633 1271929
96.3727 1272465
96.3774 1273001
96.4813 1273537
96.486 1274073
96.5568 1274609
96.5615 1275145
96.5993 1275681
96.6087 1276217
96.722 1276753
96.7314 1277289
96.8022 1277825
96.8069 1278361
96.84 1278897
96.8494 1279433
96.8683 1279969
96.873 1280505
96.9627 1281041
96.9674 1281577
97.076 1282113
97.0807 1282649
97.109 1283185
97.1185 1283721
97.1232 1284257
97.2129 1284793
97.2176 1285329
97.2742 1285865
97.3261 1286401
97.3309 1286937
97.3497 1287473
97.4489 1288009
97.4536 1288545
97.5291 1289081
97.5338 1289617
97.5763 1290153
97.5999 1290689
97.6565 1291225
97.6613 1291761
97.6896 1292297
97.6943 1292833
97.7934 1293369
97.7981 1293905
97.8406 1294441
97.8831 1294977
97.935 1295513
97.9397 1296049
98.0011 1296585
98.0058 1297121
98.0672 1297657
98.1285 1298193
98.171 1298729
98.1757 1299265
98.2418 1299801
98.2465 1300337
98.3221 1300873
98.3834 1301409
98.3881 1301945
98.3929 1302481
98.4637 1303017
98.4684 1303553
98.5392 1304089
98.5675 1304625
98.5722 1305161
98.6619 1305697
98.6666 1306233
98.728 1306769
98.7327 1307305
98.7374 1307841
98.8177 1308377
98.8224 1308913
98.8885 1309449
98.9026 1309985
98.9073 1310521
98.9876 1311057
99.0017 1311593
99.0773 1312129
99.082 1312665
99.1197 1313201
99.1245 1313737
99.1953 1314273
99.2566 1314809
99.2708 1315345
99.2755 1315881
99.3463 1316417
99.351 1316953
99.4218 1317489
99.4265 1318025
99.4501 1318561
99.5162 1319097
99.5351 1319633
99.5398 1320169
99.6106 1320705
99.6531 1321241
99.6578 1321777
99.6814 1322313
99.7381 1322849
99.7428 1323385
99.79 1323921
99.7994 1324457
99.8325 1324993
99.8372 1325529
99.9316 1326065
99.941 1326601
99.9552 1327137
99.9599 1327673
