1.07866 29481
1.0881 30017
1.09754 30553
1.1117 31089
1.12114 31625
1.13058 32161
1.14474 32697
1.15418 33233
1.1589 33769
1.17778 34305
1.1825 34841
1.18722 35377
1.19194 35913
1.19666 36449
1.20138 36985
1.2061 37521
1.21554 38057
1.2297 38593
1.24386 39129
1.2533 39665
1.26274 40201
1.27218 40737
1.28162 41273
1.28634 41809
1.29106 42345
1.3005 42881
1.30994 43417
1.57612 43953
1.58084 44489
1.58556 45025
1.59972 45561
1.60444 46097
1.60916 46633
1.62804 47169
1.63276 47705
1.64692 48241
1.65164 48777
1.65636 49313
1.67524 49849
1.67996 50385
1.69412 50921
1.69884 51457
1.70356 51993
1.7366 52529
1.74132 53065
1.76964 53601
1.77436 54137
2.49352 54673
2.49352 55209
2.49352 55745
2.49352 56281
2.49352 56817
2.49352 57353
2.49352 57889
2.49352 58425
2.49352 58961
2.49352 59497
2.67288 60033
2.67288 60569
2.67288 61105
2.6776 61641
2.6776 62177
2.6776 62713
2.6776 63249
2.68232 63785
2.68232 64321
2.68232 64857
2.68232 65393
2.68232 65929
2.68232 66465
2.68232 67001
2.68232 67537
2.68232 68073
2.68232 68609
2.68232 69145
2.68232 69681
2.68232 70217
2.68232 70753
2.68232 71289
2.68232 71825
2.72008 72361
2.72008 72897
2.72008 73433
2.72008 73969
2.72008 74505
2.72008 75041
2.79088 75577
2.79088 76113
2.79088 76649
2.79088 77185
2.82864 77721
2.82864 78257
2.82864 78793
2.82864 79329
2.82864 79865
2.87112 80401
2.87112 80937
2.87112 81473
2.87112 82009
2.87112 82545
2.87112 83081
2.87112 83617
2.87112 84153
2.87112 84689
2.87112 85225
2.87112 85761
2.87112 86297
2.87112 86833
2.87112 87369
2.87112 87905
2.87112 88441
2.87112 88977
2.87112 89513
2.87112 90049
2.87112 90585
2.87584 91121
2.90888 91657
2.9136 92193
2.95136 92729
3.18736 93265
3.1968 93801
3.21568 94337
3.22512 94873
3.22984 95409
3.25344 95945
3.25816 96481
3.27232 97017
3.27704 97553
3.28176 98089
3.30064 98625
3.31952 99161
3.32424 99697
3.32896 100233
3.34784 100769
3.36672 101305
3.37144 101841
3.39032 102377
3.4328 102913
4.04168 103449
4.04168 103985
4.04168 104521
4.04168 105057
4.04168 105593
4.04168 106129
4.04168 106665
4.04168 107201
4.04168 107737
4.04168 108273
4.04168 108809
4.04168 109345
4.04168 109881
4.04168 110417
4.04168 110953
4.04168 111489
4.04168 112025
4.04168 112561
4.04168 113097
4.04168 113633
4.04168 114169
4.04168 114705
4.04168 115241
4.04168 115777
4.04168 116313
4.04168 116849
4.04168 117385
4.22576 117921
4.26352 118457
4.27296 118993
4.31072 119529
4.31544 120065
4.34376 120601
4.4004 121137
4.40984 121673
4.424 122209
4.4476 122745
4.45232 123281
4.66944 123817
4.6836 124353
4.7544 124889
4.76384 125425
4.78272 125961
4.79216 126497
4.89128 127033
4.90072 127569
4.9668 128105
4.97152 128641
5.18392 129177
5.18864 129713
5.25472 130249
5.31136 130785
5.31608 131321
5.3208 131857
5.39632 132393
5.40104 132929
5.45296 133465
5.45768 134001
5.48128 134537
5.486 135073
5.70312 135609
5.70784 136145
5.82584 136681
5.83056 137217
5.83528 137753
5.91552 138289
5.92024 138825
5.92496 139361
6.00992 139897
6.01464 140433
6.0524 140969
6.05712 141505
6.20344 142041
6.20816 142577
6.34504 143113
6.34976 143649
6.35448 144185
6.43944 144721
6.44416 145257
6.44888 145793
6.51024 146329
6.52912 146865
6.53384 147401
6.61408 147937
6.6424 148473
6.69432 149009
6.69904 149545
6.81232 150081
6.81704 150617
6.9256 151153
6.93504 151689
6.94448 152225
6.95864 152761
7.02 153297
7.02472 153833
7.09552 154369
7.10968 154905
7.17576 155441
7.18048 155977
7.29848 156513
7.3032 157049
7.42592 157585
7.43064 158121
7.4448 158657
7.45424 159193
7.45896 159729
7.53448 160265
7.5392 160801
7.61472 161337
7.61944 161873
7.68552 162409
7.69968 162945
7.81296 163481
7.81768 164017
7.94512 164553
7.94984 165089
8.02064 165625
8.0584 166161
8.06312 166697
8.06784 167233
8.09616 167769
8.11032 168305
8.13392 168841
8.13864 169377
8.21416 169913
8.21888 170449
8.33216 170985
8.33688 171521
8.46432 172057
8.46904 172593
8.57288 173129
8.5776 173665
8.58232 174201
8.62952 174737
8.63424 175273
8.63896 175809
8.71448 176345
8.7192 176881
8.78528 177417
8.79 177953
8.79472 178489
8.8608 179025
8.87496 179561
8.9788 180097
8.98352 180633
9.08736 181169
9.09208 181705
9.11096 182241
9.11568 182777
9.12512 183313
9.13456 183849
9.23368 184385
9.2384 184921
9.2856 185457
9.29032 185993
9.34696 186529
9.35168 187065
9.4744 187601
9.47912 188137
9.57352 188673
9.57824 189209
9.60656 189745
9.61128 190281
9.616 190817
9.62072 191353
9.69624 191889
9.70096 192425
9.70568 192961
9.74816 193497
9.75288 194033
9.82368 194569
9.8284 195105
9.96056 195641
9.96528 196177
10.0361 196713
10.0408 197249
10.0644 197785
10.0691 198321
10.0738 198857
10.0786 199393
10.1682 199929
10.173 200465
10.1777 201001
10.1824 201537
10.2485 202073
10.2532 202609
10.3004 203145
10.3051 203681
10.4278 204217
10.4326 204753
10.5222 205289
10.527 205825
10.5553 206361
10.56 206897
10.5647 207433
10.5694 207969
10.6686 208505
10.6733 209041
10.678 209577
10.6827 210113
10.7205 210649
10.7252 211185
10.7299 211721
10.7724 212257
10.7771 212793
10.8951 213329
10.9046 213865
10.999 214401
11.0037 214937
11.032 215473
11.0414 216009
11.0462 216545
11.0509 217081
11.1594 217617
11.1689 218153
11.1783 218689
11.183 219225
11.2302 219761
11.235 220297
11.2774 220833
11.2869 221369
11.3954 221905
11.4002 222441
11.471 222977
11.4757 223513
11.4993 224049
11.504 224585
11.5087 225121
11.5134 225657
11.6456 226193
11.6503 226729
11.655 227265
11.6598 227801
11.7022 228337
11.707 228873
11.7636 229409
11.7683 229945
11.9005 230481
11.9052 231017
11.9099 231553
11.9854 232089
11.9902 232625
12.0138 233161
12.0185 233697
12.0232 234233
12.0562 234769
12.1459 235305
12.1506 235841
12.1554 236377
12.1601 236913
12.1931 237449
12.1978 237985
12.2592 238521
12.2639 239057
12.415 239593
12.4197 240129
12.4244 240665
12.4574 241201
12.5046 241737
12.5094 242273
12.533 242809
12.5377 243345
12.5707 243881
12.6132 244417
12.6651 244953
12.6698 245489
12.6746 246025
12.7737 246561
12.7784 247097
12.7831 247633
12.8114 248169
12.8256 248705
12.9342 249241
12.9389 249777
12.9955 250313
13.038 250849
13.0522 251385
13.0569 251921
13.0946 252457
13.0994 252993
13.1702 253529
13.1749 254065
13.1796 254601
13.189 255137
13.2834 255673
13.3637 256209
13.3684 256745
13.3731 257281
13.4392 257817
13.4439 258353
13.5006 258889
13.5053 259425
13.51 259961
13.5761 260497
13.5808 261033
13.6233 261569
13.6374 262105
13.6422 262641
13.7082 263177
13.713 263713
13.7177 264249
13.7838 264785
13.7885 265321
13.8782 265857
13.8829 266393
13.8876 266929
13.9442 267465
13.9584 268001
13.9631 268537
14.0339 269073
14.1 269609
14.1047 270145
14.1094 270681
14.1897 271217
14.1944 271753
14.2369 272289
14.2416 272825
14.2463 273361
14.3124 273897
14.3171 274433
14.3596 274969
14.3643 275505
14.3974 276041
14.4021 276577
14.4068 277113
14.454 277649
14.4729 278185
14.4776 278721
14.5437 279257
14.5484 279793
14.6192 280329
14.6239 280865
14.7089 281401
14.7136 281937
14.7702 282473
14.8222 283009
14.8269 283545
14.8316 284081
14.8788 284617
14.8835 285153
14.9213 285689
14.926 286225
14.9307 286761
14.9732 287297
14.9779 287833
15.011 288369
15.0157 288905
15.0298 289441
15.0487 289977
15.0534 290513
15.1006 291049
15.1054 291585
15.195 292121
15.2045 292657
15.2942 293193
15.2989 293729
15.3036 294265
15.3083 294801
15.3555 295337
15.3602 295873
15.365 296409
15.4074 296945
15.4169 297481
15.4735 298017
15.4782 298553
15.5254 299089
15.5302 299625
15.5396 300161
15.5443 300697
15.5679 301233
15.5726 301769
15.6246 302305
15.6293 302841
15.719 303377
15.7237 303913
15.8039 304449
15.8086 304985
15.8134 305521
15.8181 306057
15.87 306593
15.8747 307129
15.9172 307665
15.9266 308201
15.988 308737
15.9927 309273
16.0352 309809
16.0399 310345
16.0446 310881
16.0494 311417
16.073 311953
16.0777 312489
16.1296 313025
16.139 313561
16.2334 314097
16.2382 314633
16.3184 315169
16.3231 315705
16.3278 316241
16.375 316777
16.3845 317313
16.3892 317849
16.4364 318385
16.4883 318921
16.5025 319457
16.5072 319993
16.5119 320529
16.5544 321065
16.5591 321601
16.5638 322137
16.5733 322673
16.5874 323209
16.5969 323745
16.6535 324281
16.6582 324817
16.7479 325353
16.7526 325889
16.8329 326425
16.8376 326961
16.8423 327497
16.899 328033
16.9037 328569
16.9084 329105
16.9745 329641
16.9792 330177
17.05 330713
17.0547 331249
17.0594 331785
17.1114 332321
17.1161 332857
17.168 333393
17.1822 333929
17.1869 334465
17.876 335001
17.876 335537
17.876 336073
17.876 336609
17.876 337145
17.876 337681
17.876 338217
17.876 338753
17.876 339289
17.876 339825
17.876 340361
17.876 340897
17.876 341433
17.876 341969
17.876 342505
17.876 343041
17.876 343577
17.876 344113
17.876 344649
17.876 345185
17.876 345721
17.876 346257
18.5887 346793
18.5887 347329
18.5887 347865
18.5887 348401
18.5887 348937
18.5887 349473
18.5887 350009
18.5887 350545
18.5887 351081
18.5887 351617
18.5887 352153
18.5887 352689
18.5934 353225
18.6784 353761
18.6831 354297
18.6878 354833
18.7539 355369
18.7634 355905
18.8247 356441
18.8389 356977
18.8483 357513
19.0843 358049
19.174 358585
19.1787 359121
19.1834 359657
19.1882 360193
19.2542 360729
19.259 361265
19.3298 361801
19.3345 362337
19.5327 362873
19.6696 363409
19.6743 363945
19.679 364481
19.6838 365017
19.6885 365553
19.7593 366089
19.764 366625
19.8442 367161
19.849 367697
20.0519 368233
20.0566 368769
20.1699 369305
20.1746 369841
20.1794 370377
20.1888 370913
20.2549 371449
20.2596 371985
20.3682 372521
20.3729 373057
20.5711 373593
20.5758 374129
20.5806 374665
20.6891 375201
20.6938 375737
20.6986 376273
20.7127 376809
20.741 377345
20.7741 377881
20.7788 378417
20.8874 378953
20.8921 379489
21.0903 380025
21.095 380561
21.2036 381097
21.2083 381633
21.213 382169
21.2508 382705
21.2555 383241
21.2602 383777
21.331 384313
21.3358 384849
21.4066 385385
21.4113 385921
21.6095 386457
21.6142 386993
21.7228 387529
21.7275 388065
21.7794 388601
21.8786 389137
22.4827 389673
22.4827 390209
22.4827 390745
22.4827 391281
22.4827 391817
22.4827 392353
22.4827 392889
22.4827 393425
22.4827 393961
22.4827 394497
22.4827 395033
22.4827 395569
22.4827 396105
22.4827 396641
22.4827 397177
22.8603 397713
22.8698 398249
22.8792 398785
22.95 399321
22.9736 399857
23.3229 400393
23.3276 400929
23.3937 401465
23.3984 402001
23.5966 402537
23.6061 403073
23.7666 403609
23.7713 404145
23.8421 404681
23.8468 405217
24.0356 405753
24.0403 406289
24.2197 406825
24.2244 407361
24.2952 407897
24.2999 408433
24.5029 408969
24.5076 409505
24.7058 410041
24.7106 410577
24.72 411113
24.805 411649
24.8097 412185
24.9843 412721
24.9938 413257
25.2014 413793
25.2062 414329
25.31 414865
25.3147 415401
25.5035 415937
25.5082 416473
25.6923 417009
25.7159 417545
25.7301 418081
25.7348 418617
25.8339 419153
25.8386 419689
26.0274 420225
26.0322 420761
26.2304 421297
26.2351 421833
26.2634 422369
26.2729 422905
26.3437 423441
26.3531 423977
26.5466 424513
26.5514 425049
26.7496 425585
26.7543 426121
26.8204 426657
26.9242 427193
26.929 427729
26.9337 428265
26.9903 428801
27.0658 429337
27.0706 429873
27.2688 430409
27.2735 430945
27.4387 431481
27.4434 432017
27.4482 432553
27.5142 433089
27.5803 433625
27.585 434161
27.7833 434697
27.788 435233
27.9532 435769
27.9579 436305
27.9626 436841
27.9957 437377
28.0948 437913
28.0995 438449
28.1042 438985
28.2978 439521
28.3025 440057
28.4677 440593
28.4724 441129
28.4771 441665
28.5102 442201
28.614 442737
28.6187 443273
28.6234 443809
28.6895 444345
28.817 444881
28.8217 445417
28.9869 445953
28.9916 446489
29.0246 447025
29.086 447561
29.1332 448097
29.1379 448633
29.2087 449169
29.2795 449705
29.3362 450241
29.3409 450777
29.3456 451313
29.5061 451849
29.5108 452385
29.6052 452921
29.6099 453457
29.6807 453993
29.7657 454529
29.794 455065
29.7987 455601
29.8648 456137
29.945 456673
30.0206 457209
30.0253 457745
30.1291 458281
30.1338 458817
30.1999 459353
30.3038 459889
30.3085 460425
30.3132 460961
30.384 461497
30.3982 462033
30.535 462569
30.5398 463105
30.5445 463641
30.6436 464177
30.6483 464713
30.7191 465249
30.8041 465785
30.823 466321
30.8277 466857
30.8985 467393
30.9032 467929
31.0495 468465
31.0542 469001
31.059 469537
31.1203 470073
31.1628 470609
31.1675 471145
31.3233 471681
31.328 472217
31.3846 472753
31.4366 473289
31.4413 473825
31.446 474361
31.5734 474897
31.5782 475433
31.6348 475969
31.6395 476505
31.6584 477041
31.6678 477577
31.682 478113
31.8519 478649
31.8566 479185
31.951 479721
31.9558 480257
31.9605 480793
32.036 481329
32.0926 481865
32.0974 482401
32.1729 482937
32.1776 483473
32.1823 484009
32.2154 484545
32.3711 485081
32.3758 485617
32.4655 486153
32.4702 486689
32.475 487225
32.5222 487761
32.6071 488297
32.6118 488833
32.7015 489369
32.7062 489905
32.711 490441
32.7487 490977
32.8856 491513
32.8903 492049
32.9894 492585
32.9942 493121
32.9989 493657
33.0366 494193
33.0508 494729
33.1216 495265
33.1263 495801
33.2254 496337
33.2302 496873
33.2349 497409
33.2962 497945
33.4001 498481
33.4048 499017
33.5039 499553
33.5086 500089
33.5134 500625
33.5558 501161
33.5653 501697
33.57 502233
33.655 502769
33.7258 503305
33.7446 503841
33.7494 504377
33.8343 504913
33.9051 505449
33.9193 505985
33.924 506521
34.0231 507057
34.0278 507593
34.0939 508129
34.16 508665
34.1647 509201
34.1694 509737
34.2025 510273
34.2402 510809
34.245 511345
34.278 511881
34.3016 512417
34.4007 512953
34.4054 513489
34.4102 514025
34.4149 514561
34.5046 515097
34.514 515633
34.6414 516169
34.6509 516705
34.6603 517241
34.665 517777
34.7453 518313
34.7547 518849
34.8019 519385
34.8066 519921
34.9152 520457
34.9199 520993
34.9246 521529
34.9294 522065
34.986 522601
34.9907 523137
35.1276 523673
35.137 524209
35.1465 524745
35.1559 525281
35.2456 525817
35.2503 526353
35.255 526889
35.3022 527425
35.3117 527961
35.4297 528497
35.4344 529033
35.4391 529569
35.4863 530105
35.5052 530641
35.5099 531177
35.6468 531713
35.6515 532249
35.6562 532785
35.661 533321
35.7365 533857
35.7459 534393
35.7506 534929
35.7554 535465
35.8026 536001
35.812 536537
35.9489 537073
35.9536 537609
35.9961 538145
36.0008 538681
36.0244 539217
36.0574 539753
36.166 540289
36.1707 540825
36.1754 541361
36.2274 541897
36.2604 542433
36.2651 542969
36.2698 543505
36.317 544041
36.3265 544577
36.3312 545113
36.3359 545649
36.4775 546185
36.4822 546721
36.5153 547257
36.5719 547793
36.5861 548329
36.5908 548865
36.6852 549401
36.6899 549937
36.756 550473
36.789 551009
36.7938 551545
36.8221 552081
36.9023 552617
36.907 553153
36.9778 553689
36.9826 554225
36.992 554761
36.9967 555297
37.077 555833
37.1242 556369
37.1289 556905
37.1336 557441
37.2091 557977
37.2138 558513
37.2705 559049
37.2752 559585
37.3082 560121
37.313 560657
37.4215 561193
37.4262 561729
37.5018 562265
37.5065 562801
37.5112 563337
37.5442 563873
37.5962 564409
37.6009 564945
37.6056 565481
37.6481 566017
37.6528 566553
37.7236 567089
37.7283 567625
37.785 568161
37.8463 568697
37.851 569233
37.8652 569769
37.936 570305
37.9407 570841
38.0162 571377
38.021 571913
38.0257 572449
38.087 572985
38.1154 573521
38.1201 574057
38.1248 574593
38.1814 575129
38.1956 575665
38.2003 576201
38.2475 576737
38.2522 577273
38.3561 577809
38.3608 578345
38.375 578881
38.3797 579417
38.4316 579953
38.4363 580489
38.493 581025
38.5024 581561
38.5449 582097
38.5496 582633
38.5921 583169
38.6015 583705
38.6534 584241
38.6582 584777
38.6629 585313
38.6723 585849
38.6818 586385
38.7384 586921
38.7431 587457
38.8422 587993
38.8517 588529
38.8753 589065
38.88 589601
38.9225 590137
38.9272 590673
38.9886 591209
38.9933 591745
39.0452 592281
39.0546 592817
39.0924 593353
39.1018 593889
39.1396 594425
39.149 594961
39.1585 595497
39.1632 596033
39.2387 596569
39.2434 597105
39.3426 597641
39.352 598177
39.3756 598713
39.385 599249
39.4417 599785
39.4464 600321
39.503 600857
39.5078 601393
39.5644 601929
39.5691 602465
39.6163 603001
39.6494 603537
39.6541 604073
39.6682 604609
39.6777 605145
39.6824 605681
39.7532 606217
39.7579 606753
39.7626 607289
39.857 607825
39.8618 608361
39.8995 608897
39.909 609433
39.9609 609969
39.9656 610505
40.0222 611041
40.027 611577
40.0836 612113
40.0883 612649
40.1308 613185
40.1355 613721
40.178 614257
40.2158 614793
40.2205 615329
40.2441 615865
40.2677 616401
40.2724 616937
40.3385 617473
40.3432 618009
40.381 618545
40.3857 619081
40.4282 619617
40.499 620153
40.5037 620689
40.5084 621225
40.5556 621761
40.5603 622297
40.6406 622833
40.6453 623369
40.65 623905
40.7066 624441
40.7302 624977
40.735 625513
40.7916 626049
40.8199 626585
40.8435 627121
40.8482 627657
40.8671 628193
40.9002 628729
40.9379 629265
40.9426 629801
40.9474 630337
41.0276 630873
41.0323 631409
41.0842 631945
41.0984 632481
41.1031 633017
41.1786 633553
41.1928 634089
41.2589 634625
41.273 635161
41.2778 635697
41.3533 636233
41.358 636769
41.4146 637305
41.4194 637841
41.4241 638377
41.4713 638913
42.1038 639449
42.1038 639985
42.1038 640521
42.1038 641057
42.1038 641593
42.1038 642129
42.1038 642665
42.1038 643201
42.1038 643737
42.1038 644273
42.1038 644809
42.1038 645345
42.1038 645881
42.1038 646417
42.1038 646953
42.1038 647489
42.1038 648025
42.1038 648561
42.1038 649097
42.1038 649633
42.1038 650169
42.1038 650705
42.1038 651241
42.4483 651777
42.453 652313
42.4578 652849
42.4766 653385
42.4861 653921
42.5286 654457
42.538 654993
42.5663 655529
42.6088 656065
42.9439 656601
42.9486 657137
42.9628 657673
42.9675 658209
43.0289 658745
43.0383 659281
43.0619 659817
43.0714 660353
43.3262 660889
43.3357 661425
43.4537 661961
43.4584 662497
43.4726 663033
43.4773 663569
43.5292 664105
43.5339 664641
43.5528 665177
43.5575 665713
43.8549 666249
43.8596 666785
43.9729 667321
43.9776 667857
44.0201 668393
44.0673 668929
44.072 669465
44.0767 670001
44.157 670537
44.1617 671073
44.3741 671609
44.3788 672145
44.4779 672681
44.4826 673217
44.4874 673753
44.5676 674289
44.5723 674825
44.577 675361
44.5865 675897
44.6667 676433
44.6762 676969
44.8933 677505
44.898 678041
44.9971 678577
45.0018 679113
45.0821 679649
45.0868 680185
45.0915 680721
45.1104 681257
45.1906 681793
45.1954 682329
45.403 682865
45.4408 683401
45.4455 683937
45.5163 684473
45.521 685009
45.6013 685545
45.606 686081
45.6107 686617
45.6485 687153
45.6721 687689
45.7098 688225
45.7146 688761
45.9647 689297
45.9694 689833
46.0355 690369
46.1063 690905
46.1158 691441
46.1205 691977
46.1252 692513
46.163 693049
46.1866 693585
46.1913 694121
46.2668 694657
46.3329 695193
46.4839 695729
46.4886 696265
46.6208 696801
46.6255 697337
46.6633 697873
46.6822 698409
46.6869 698945
46.7152 699481
46.7388 700017
46.7671 700553
46.7907 701089
46.8379 701625
46.8426 702161
47.0031 702697
47.0078 703233
47.14 703769
47.1447 704305
47.1966 704841
47.2014 705377
47.2344 705913
47.3052 706449
47.3099 706985
47.3146 707521
47.3666 708057
47.3713 708593
47.5176 709129
47.5223 709665
47.6545 710201
47.6592 710737
47.7158 711273
47.7725 711809
47.7866 712345
47.7914 712881
47.8291 713417
47.8338 713953
47.881 714489
47.8999 715025
47.9046 715561
48.0321 716097
48.0368 716633
48.169 717169
48.1737 717705
48.2303 718241
48.235 718777
48.3058 719313
48.3719 719849
48.3766 720385
48.3814 720921
48.4758 721457
48.4805 721993
48.5466 722529
48.5513 723065
48.556 723601
48.6268 724137
48.6882 724673
48.6929 725209
48.7495 725745
48.8109 726281
48.8864 726817
48.8911 727353
48.8958 727889
48.9714 728425
48.995 728961
48.9997 729497
49.0799 730033
49.1696 730569
49.1885 731105
49.1932 731641
49.2357 732177
49.2404 732713
49.3018 733249
49.3254 733785
49.3301 734321
49.4056 734857
49.4103 735393
49.4906 735929
49.4953 736465
49.5283 737001
49.533 737537
49.6841 738073
49.6888 738609
49.703 739145
49.7077 739681
49.7502 740217
49.7549 740753
49.8398 741289
49.8446 741825
49.8965 742361
49.9059 742897
50.005 743433
50.0098 743969
50.0286 744505
50.0334 745041
50.1655 745577
50.1702 746113
50.1891 746649
50.1986 747185
50.2316 747721
50.2363 748257
50.2458 748793
50.3166 749329
50.326 749865
50.3685 750401
50.3732 750937
50.4912 751473
50.5006 752009
50.529 752545
50.5337 753081
50.6564 753617
50.6658 754153
50.6894 754689
50.6989 755225
50.7225 755761
50.7272 756297
50.7319 756833
50.7414 757369
50.8169 757905
50.8216 758441
50.8594 758977
50.8641 759513
51.001 760049
51.0057 760585
51.0293 761121
51.034 761657
51.1614 762193
51.1662 762729
51.1945 763265
51.2039 763801
51.2417 764337
51.2464 764873
51.2558 765409
51.2747 765945
51.3314 766481
51.3361 767017
51.355 767553
51.3927 768089
51.4305 768625
51.5202 769161
51.5249 769697
51.5532 770233
51.591 770769
51.6806 771305
51.6854 771841
51.7184 772377
51.7703 772913
51.775 773449
51.7939 773985
51.8222 774521
51.827 775057
51.86 775593
51.8647 776129
51.9166 776665
51.9214 777201
52.0346 777737
52.0394 778273
52.1149 778809
52.1857 779345
52.1951 779881
52.1998 780417
52.2376 780953
52.2942 781489
52.299 782025
52.3037 782561
52.3509 783097
52.3556 783633
52.3792 784169
52.3934 784705
52.4311 785241
52.4358 785777
52.5491 786313
52.5538 786849
52.5586 787385
52.6294 787921
52.6341 788457
52.7096 788993
52.7143 789529
52.7804 790065
52.8276 790601
52.8323 791137
52.837 791673
52.9126 792209
52.9173 792745
52.9786 793281
52.9834 793817
52.9881 794353
53.0589 794889
53.0636 795425
53.1202 795961
53.1344 796497
53.1391 797033
53.2194 797569
53.2241 798105
53.2902 798641
53.2949 799177
53.3421 799713
53.3468 800249
53.3515 800785
53.4318 801321
53.4365 801857
53.4412 802393
53.512 802929
53.5167 803465
53.597 804001
53.6017 804537
53.6347 805073
53.6394 805609
53.7055 806145
53.7905 806681
53.7952 807217
53.7999 807753
53.8566 808289
53.8613 808825
53.8943 809361
53.899 809897
53.9038 810433
53.9604 810969
53.9887 811505
54.0359 812041
54.0406 812577
54.0454 813113
54.0548 813649
54.1162 814185
54.1209 814721
54.187 815257
54.2294 815793
54.3191 816329
54.3238 816865
54.3286 817401
54.3758 817937
54.3899 818473
54.3946 819009
54.4371 819545
54.4418 820081
54.4749 820617
54.4796 821153
54.5268 821689
54.5315 822225
54.5362 822761
54.541 823297
54.6212 823833
54.6259 824369
54.7014 824905
54.7062 825441
54.7958 825977
54.8006 826513
54.8053 827049
54.8147 827585
54.8855 828121
54.8902 828657
54.895 829193
54.9186 829729
54.928 830265
54.9705 830801
54.9799 831337
55.0271 831873
55.0318 832409
55.0366 832945
55.046 833481
55.131 834017
55.1357 834553
55.2159 835089
55.2206 835625
55.3056 836161
55.315 836697
55.3198 837233
55.3245 837769
55.4 838305
55.4047 838841
55.4094 839377
55.4378 839913
55.4425 840449
55.4472 840985
55.4944 841521
55.4991 842057
55.5558 842593
55.5699 843129
55.6124 843665
55.6171 844201
55.6596 844737
55.6643 845273
55.7446 845809
55.7493 846345
55.8342 846881
55.839 847417
55.8437 847953
55.8814 848489
55.9192 849025
55.9239 849561
55.9711 850097
56.0183 850633
56.023 851169
56.0419 851705
56.0797 852241
56.0844 852777
56.1552 853313
56.1599 853849
56.1646 854385
56.2402 854921
56.2543 855457
56.3015 855993
56.3062 856529
56.3298 857065
56.3534 857601
56.3582 858137
56.4337 858673
56.4384 859209
56.4431 859745
56.4809 860281
56.4856 860817
56.5611 861353
56.5658 861889
56.5706 862425
56.6083 862961
56.613 863497
56.6178 864033
56.6886 864569
56.6933 865105
56.7688 865641
56.7735 866177
56.8254 866713
56.8302 867249
56.8726 867785
56.9434 868321
56.9482 868857
56.9529 869393
57.019 869929
57.0237 870465
57.0614 871001
57.0756 871537
57.0803 872073
57.137 872609
57.1417 873145
57.2125 873681
57.2172 874217
57.2314 874753
57.9724 875289
57.9724 875825
57.9724 876361
57.9724 876897
57.9724 877433
57.9724 877969
57.9724 878505
57.9724 879041
57.9724 879577
57.9724 880113
57.9724 880649
57.9724 881185
57.9724 881721
57.9724 882257
57.9724 882793
58.2934 883329
58.2934 883865
58.2934 884401
58.2934 884937
58.2934 885473
58.2934 886009
58.2934 886545
58.2934 887081
58.2934 887617
58.2934 888153
58.2934 888689
58.2981 889225
58.3122 889761
58.3594 890297
58.3642 890833
58.4161 891369
58.4208 891905
58.4397 892441
58.5766 892977
58.6757 893513
58.6804 894049
58.6946 894585
58.704 895121
58.7418 895657
58.7465 896193
58.822 896729
58.8267 897265
58.9683 897801
58.9778 898337
59.0816 898873
59.0863 899409
59.1099 899945
59.1146 900481
59.1618 901017
59.1666 901553
59.2326 902089
59.2374 902625
59.3884 903161
59.3931 903697
59.5111 904233
59.5158 904769
59.53 905305
59.5394 905841
59.5489 906377
59.5819 906913
59.5866 907449
59.6669 907985
59.6716 908521
59.8226 909057
59.8274 909593
59.9359 910129
59.9454 910665
59.9595 911201
59.9642 911737
60.002 912273
60.0114 912809
60.1011 913345
60.1106 913881
60.271 914417
60.2805 914953
60.389 915489
60.3985 916025
60.4126 916561
60.4174 917097
60.4598 917633
60.4646 918169
60.5542 918705
60.559 919241
60.5637 919777
60.7289 920313
60.7383 920849
60.8469 921385
60.8516 921921
60.8658 922457
60.8705 922993
60.9035 923529
60.9082 924065
61.0074 924601
61.0168 925137
61.0262 925673
61.031 926209
61.2198 926745
61.2245 927281
61.3378 927817
61.3425 928353
61.3566 928889
61.3614 929425
61.4038 929961
61.4086 930497
61.5124 931033
61.5171 931569
61.5218 932105
61.5313 932641
61.5454 933177
61.7342 933713
61.7437 934249
61.8475 934785
61.8522 935321
61.8664 935857
61.8711 936393
61.9136 936929
61.9183 937465
62.008 938001
62.0127 938537
62.0174 939073
62.0269 939609
62.244 940145
62.2487 940681
62.362 941217
62.3667 941753
62.395 942289
62.4092 942825
62.4328 943361
62.4611 943897
62.5225 944433
62.5272 944969
62.5319 945505
62.5508 946041
62.7349 946577
62.7585 947113
62.7632 947649
62.7679 948185
62.8812 948721
62.8859 949257
62.9237 949793
62.9284 950329
62.9803 950865
63.0322 951401
63.0464 951937
63.0511 952473
63.0794 953009
63.0936 953545
63.273 954081
63.2777 954617
63.2824 955153
63.3438 955689
63.4004 956225
63.4051 956761
63.4712 957297
63.5231 957833
63.5467 958369
63.5514 958905
63.5986 959441
63.6411 959977
63.6458 960513
63.6506 961049
63.7922 961585
63.7969 962121
63.8582 962657
63.9196 963193
63.9243 963729
63.929 964265
64.0187 964801
64.0376 965337
64.0423 965873
64.0895 966409
64.165 966945
64.1698 967481
64.1745 968017
64.2264 968553
64.2311 969089
64.3114 969625
64.3161 970161
64.4341 970697
64.4388 971233
64.4435 971769
64.5049 972305
64.5615 972841
64.5662 973377
64.604 973913
64.6087 974449
64.6654 974985
64.6701 975521
64.7078 976057
64.7173 976593
64.7881 977129
64.7928 977665
64.8825 978201
64.8872 978737
64.8919 979273
64.8966 979809
65.0194 980345
65.0241 980881
65.0288 981417
65.0902 981953
65.0996 982489
65.1468 983025
65.1515 983561
65.1893 984097
65.194 984633
65.2742 985169
65.279 985705
65.3828 986241
65.3922 986777
65.397 987313
65.4017 987849
65.5008 988385
65.5102 988921
65.5197 989457
65.5291 989993
65.581 990529
65.5858 991065
65.6282 991601
65.633 992137
65.6896 992673
65.699 993209
65.784 993745
65.7887 994281
65.902 994817
65.9067 995353
65.9114 995889
65.9162 996425
66.02 996961
66.0294 997497
66.0436 998033
66.0483 998569
66.1002 999105
66.105 999641
66.1097 1000177
66.1427 1000713
66.1474 1001249
66.1994 1001785
66.2041 1002321
66.3032 1002857
66.3079 1003393
66.4259 1003929
66.4306 1004465
66.4354 1005001
66.4448 1005537
66.5439 1006073
66.5486 1006609
66.5628 1007145
66.6053 1007681
66.6194 1008217
66.6242 1008753
66.6666 1009289
66.6714 1009825
66.7186 1010361
66.7233 1010897
66.8224 1011433
66.8271 1011969
66.9498 1012505
66.9546 1013041
66.9593 1013577
67.0065 1014113
67.0584 1014649
67.0631 1015185
67.0773 1015721
67.1481 1016257
67.1528 1016793
67.1575 1017329
67.2 1017865
67.2047 1018401
67.2425 1018937
67.2472 1019473
67.2614 1020009
67.3369 1020545
67.3416 1021081
67.4643 1021617
67.469 1022153
67.4738 1022689
67.5398 1023225
67.5729 1023761
67.5776 1024297
67.639 1024833
67.6862 1025369
67.6909 1025905
67.6956 1026441
67.7711 1026977
67.7758 1027513
67.8372 1028049
67.8419 1028585
67.8466 1029121
67.8797 1029657
67.9363 1030193
68.0118 1030729
68.0166 1031265
68.0213 1031801
68.0921 1032337
68.0968 1032873
68.1818 1033409
68.1865 1033945
68.2006 1034481
68.2054 1035017
68.2101 1035553
68.2714 1036089
68.2903 1036625
68.295 1037161
68.3564 1037697
68.38 1038233
68.3942 1038769
68.3989 1039305
68.5263 1039841
68.531 1040377
68.5358 1040913
68.5971 1041449
68.6018 1041985
68.6113 1042521
68.616 1043057
68.701 1043593
68.7057 1044129
68.734 1044665
68.7482 1045201
68.8237 1045737
68.8284 1046273
68.8662 1046809
68.8709 1047345
68.9181 1047881
68.9417 1048417
68.9464 1048953
68.9653 1049489
69.0502 1050025
69.055 1050561
69.1163 1051097
69.206 1051633
69.2107 1052169
69.2154 1052705
69.2485 1053241
69.2721 1053777
69.324 1054313
69.3382 1054849
69.3429 1055385
69.4042 1055921
69.409 1056457
69.4656 1056993
69.4703 1057529
69.475 1058065
69.5411 1058601
69.5458 1059137
69.6072 1059673
69.6119 1060209
69.6308 1060745
69.6355 1061281
69.6402 1061817
69.7252 1062353
69.7299 1062889
69.7913 1063425
69.8668 1063961
69.8715 1064497
69.8762 1065033
69.9329 1065569
69.9376 1066105
70.0131 1066641
70.0178 1067177
70.0226 1067713
70.0886 1068249
70.0934 1068785
70.1689 1069321
70.1736 1069857
70.1783 1070393
70.2397 1070929
70.2444 1071465
70.9666 1072001
70.9666 1072537
70.9666 1073073
70.9666 1073609
70.9666 1074145
70.9666 1074681
70.9666 1075217
70.9666 1075753
70.9666 1076289
70.9666 1076825
70.9666 1077361
70.9666 1077897
70.9666 1078433
70.9666 1078969
70.9666 1079505
70.9666 1080041
70.9666 1080577
70.9666 1081113
70.9666 1081649
71.7926 1082185
71.7926 1082721
71.7926 1083257
71.7926 1083793
71.7926 1084329
71.7926 1084865
71.7926 1085401
71.7926 1085937
71.7926 1086473
71.7926 1087009
71.7926 1087545
71.802 1088081
71.8114 1088617
71.8209 1089153
71.8539 1089689
71.8634 1090225
71.9578 1090761
71.9625 1091297
71.9766 1091833
72.2834 1092369
72.2976 1092905
72.3023 1093441
72.3448 1093977
72.3495 1094513
72.4534 1095049
72.4581 1095585
72.4722 1096121
72.4817 1096657
72.8026 1097193
72.8074 1097729
72.8593 1098265
72.864 1098801
72.9678 1099337
72.9726 1099873
73.0198 1100409
73.0386 1100945
73.2133 1101481
73.3218 1102017
73.3266 1102553
73.3313 1103089
73.3879 1103625
73.4021 1104161
73.487 1104697
73.4918 1105233
73.5531 1105769
73.5578 1106305
73.8458 1106841
73.8505 1107377
73.8552 1107913
73.9166 1108449
73.9213 1108985
73.926 1109521
74.0062 1110057
74.011 1110593
74.0865 1111129
74.1573 1111665
74.365 1112201
74.3697 1112737
74.431 1113273
74.4358 1113809
74.4405 1114345
74.516 1114881
74.5207 1115417
74.5254 1115953
74.5868 1116489
74.6718 1117025
74.6765 1117561
74.8842 1118097
74.8889 1118633
74.955 1119169
75.0352 1119705
75.0399 1120241
75.0446 1120777
75.1343 1121313
75.139 1121849
75.2098 1122385
75.224 1122921
75.3986 1123457
75.4034 1123993
75.4081 1124529
75.5497 1125065
75.5544 1125601
75.5591 1126137
75.6063 1126673
75.611 1127209
75.6535 1127745
75.6582 1128281
75.7243 1128817
75.7338 1129353
75.8895 1129889
75.8942 1130425
76.0217 1130961
76.0311 1131497
76.0358 1132033
76.0406 1132569
76.083 1133105
76.0878 1133641
76.1491 1134177
76.1586 1134713
76.2341 1135249
76.2388 1135785
76.3946 1136321
76.3993 1136857
76.5173 1137393
76.522 1137929
76.5267 1138465
76.5314 1139001
76.5739 1139537
76.5786 1140073
76.6353 1140609
76.64 1141145
76.6494 1141681
76.7344 1142217
76.7391 1142753
76.9138 1143289
76.9185 1143825
77.0459 1144361
77.0506 1144897
77.0554 1145433
77.1214 1145969
77.1262 1146505
77.1403 1147041
77.1545 1147577
77.1686 1148113
77.2489 1148649
77.2536 1149185
77.4282 1149721
77.433 1150257
77.5604 1150793
77.5651 1151329
77.5698 1151865
77.6359 1152401
77.6406 1152937
77.6454 1153473
77.7162 1154009
77.7209 1154545
77.7822 1155081
77.787 1155617
77.7917 1156153
77.9427 1156689
77.9474 1157225
78.0796 1157761
78.0843 1158297
78.089 1158833
78.1457 1159369
78.1551 1159905
78.1598 1160441
78.2306 1160977
78.2354 1161513
78.3109 1162049
78.3156 1162585
78.3203 1163121
78.3675 1163657
78.4619 1164193
78.4666 1164729
78.5988 1165265
78.6035 1165801
78.6696 1166337
78.7498 1166873
78.7734 1167409
78.7782 1167945
78.8206 1168481
78.8254 1169017
78.882 1169553
78.9198 1170089
78.9245 1170625
78.967 1171161
78.9811 1171697
79.0283 1172233
79.033 1172769
79.118 1173305
79.1227 1173841
79.2643 1174377
79.269 1174913
79.3351 1175449
79.387 1175985
79.4012 1176521
79.4059 1177057
79.4531 1177593
79.4578 1178129
79.505 1178665
79.5145 1179201
79.5428 1179737
79.5475 1180273
79.6325 1180809
79.6372 1181345
79.7835 1181881
79.7882 1182417
79.8496 1182953
79.8543 1183489
79.944 1184025
79.9912 1184561
79.9959 1185097
80.0006 1185633
80.0809 1186169
80.0856 1186705
80.1281 1187241
80.1328 1187777
80.147 1188313
80.1517 1188849
80.298 1189385
80.3027 1189921
80.3074 1190457
80.3688 1190993
80.3735 1191529
80.4726 1192065
80.4774 1192601
80.5293 1193137
80.619 1193673
80.6237 1194209
80.6284 1194745
80.7039 1195281
80.7086 1195817
80.7794 1196353
80.7842 1196889
80.8125 1197425
80.8172 1197961
80.8219 1198497
80.888 1199033
80.8927 1199569
80.8974 1200105
80.9918 1200641
80.9966 1201177
81.1334 1201713
81.1382 1202249
81.1429 1202785
81.1618 1203321
81.2231 1203857
81.2278 1204393
81.2986 1204929
81.3034 1205465
81.3836 1206001
81.393 1206537
81.4072 1207073
81.4119 1207609
81.511 1208145
81.5158 1208681
81.5724 1209217
81.5771 1209753
81.5818 1210289
81.6526 1210825
81.6574 1211361
81.6951 1211897
81.6998 1212433
81.7423 1212969
81.747 1213505
81.8178 1214041
81.8226 1214577
81.9075 1215113
81.95 1215649
81.9547 1216185
81.9689 1216721
82.0444 1217257
82.0727 1217793
82.1294 1218329
82.1341 1218865
82.186 1219401
82.1907 1219937
82.2615 1220473
82.2851 1221009
82.3276 1221545
82.3323 1222081
82.3701 1222617
82.3842 1223153
82.4503 1223689
82.455 1224225
82.4692 1224761
82.4739 1225297
82.5589 1225833
82.5636 1226369
82.6438 1226905
82.6486 1227441
82.6533 1227977
82.7146 1228513
82.7194 1229049
82.776 1229585
82.7807 1230121
82.8421 1230657
82.8987 1231193
82.9034 1231729
82.9176 1232265
82.9931 1232801
82.9978 1233337
83.0592 1233873
83.0734 1234409
83.0781 1234945
83.13 1235481
83.1583 1236017
83.163 1236553
83.1678 1237089
83.1866 1237625
83.2338 1238161
83.2386 1238697
83.2952 1239233
83.2999 1239769
83.4132 1240305
83.4179 1240841
83.4557 1241377
83.5359 1241913
83.5406 1242449
83.5878 1242985
83.5926 1243521
83.6634 1244057
83.6917 1244593
83.7153 1245129
83.72 1245665
84.31 1246201
84.31 1246737
84.31 1247273
84.31 1247809
84.31 1248345
84.31 1248881
84.31 1249417
84.31 1249953
84.31 1250489
84.31 1251025
84.31 1251561
84.31 1252097
84.31 1252633
84.31 1253169
84.31 1253705
84.31 1254241
84.31 1254777
84.31 1255313
84.31 1255849
84.31 1256385
84.31 1256921
84.6168 1257457
84.6262 1257993
84.6593 1258529
84.6687 1259065
84.7301 1259601
84.7348 1260137
84.7395 1260673
84.782 1261209
85.0841 1261745
85.0888 1262281
85.1313 1262817
85.1407 1263353
85.221 1263889
85.2257 1264425
85.2587 1264961
85.2634 1265497
85.5561 1266033
85.5655 1266569
85.5702 1267105
85.6127 1267641
85.6174 1268177
85.7118 1268713
85.7166 1269249
85.7638 1269785
85.7732 1270321
86.0658 1270857
86.0706 1271393
86.1036 1271929
86.1083 1272465
86.2027 1273001
86.2074 1273537
86.2546 1274073
86.2594 1274609
86.5048 1275145
86.585 1275681
86.5898 1276217
86.5945 1276753
86.6464 1277289
86.6511 1277825
86.7219 1278361
86.7266 1278897
86.7644 1279433
86.7738 1279969
87.0995 1280505
87.1042 1281041
87.109 1281577
87.1137 1282113
87.1656 1282649
87.1798 1283185
87.2411 1283721
87.2458 1284257
87.3072 1284793
87.3591 1285329
87.6234 1285865
87.6282 1286401
87.6329 1286937
87.6848 1287473
87.6942 1288009
87.699 1288545
87.7037 1289081
87.7698 1289617
87.7745 1290153
87.8736 1290689
87.8783 1291225
88.1426 1291761
88.1474 1292297
88.1993 1292833
88.204 1293369
88.289 1293905
88.3739 1294441
88.3786 1294977
88.3834 1295513
88.4589 1296049
88.4636 1296585
88.591 1297121
88.6666 1297657
88.6713 1298193
88.7232 1298729
88.8082 1299265
88.8884 1299801
88.8931 1300337
88.8978 1300873
88.9734 1301409
88.9781 1301945
88.9828 1302481
89.0489 1303017
89.1763 1303553
89.181 1304089
89.2471 1304625
89.2518 1305161
89.4076 1305697
89.4123 1306233
89.417 1306769
89.4831 1307305
89.4926 1307841
89.4973 1308377
89.5728 1308913
89.5775 1309449
89.6955 1309985
89.7002 1310521
89.7663 1311057
89.8277 1311593
89.9268 1312129
89.9315 1312665
90.007 1313201
90.0495 1313737
90.0637 1314273
90.0873 1314809
90.1439 1315345
90.1486 1315881
90.2336 1316417
90.2383 1316953
90.243 1317489
90.3422 1318025
90.3469 1318561
90.446 1319097
90.4507 1319633
90.564 1320169
90.5687 1320705
90.5923 1321241
90.597 1321777
90.649 1322313
90.6537 1322849
90.7481 1323385
90.7528 1323921
90.8519 1324457
90.8614 1324993
90.9605 1325529
90.9652 1326065
91.0454 1326601
91.0502 1327137
91.069 1327673
91.0785 1328209
91.121 1328745
91.1257 1329281
91.2059 1329817
91.2154 1330353
91.2248 1330889
91.3286 1331425
91.3334 1331961
91.4419 1332497
91.4466 1333033
91.5269 1333569
91.5316 1334105
91.5458 1334641
91.5505 1335177
91.593 1335713
91.6024 1336249
91.6779 1336785
91.6826 1337321
91.6968 1337857
91.7015 1338393
91.8006 1338929
91.8101 1339465
91.9281 1340001
91.9328 1340537
92.0225 1341073
92.0272 1341609
92.0414 1342145
92.0461 1342681
92.0933 1343217
92.1027 1343753
92.1877 1344289
92.1971 1344825
92.2066 1345361
92.2113 1345897
92.2207 1346433
92.3104 1346969
92.3198 1347505
92.4331 1348041
92.4378 1348577
92.5275 1349113
92.5322 1349649
92.5464 1350185
92.5558 1350721
92.6125 1351257
92.6361 1351793
92.7163 1352329
92.721 1352865
92.7258 1353401
92.7305 1353937
92.8296 1354473
92.8343 1355009
92.9476 1355545
92.9523 1356081
93.0326 1356617
93.0373 1357153
93.0609 1357689
93.0656 1358225
93.1317 1358761
93.1364 1359297
93.2261 1359833
93.2402 1360369
93.245 1360905
93.2497 1361441
93.3441 1361977
93.3488 1362513
93.4621 1363049
93.4668 1363585
93.4715 1364121
93.547 1364657
93.5518 1365193
93.5754 1365729
93.6414 1366265
93.6462 1366801
93.6509 1367337
93.7547 1367873
93.7594 1368409
93.7642 1368945
93.8066 1369481
93.8586 1370017
93.8633 1370553
93.9766 1371089
93.9813 1371625
93.986 1372161
94.0426 1372697
94.0662 1373233
94.071 1373769
94.1606 1374305
94.1654 1374841
94.1701 1375377
94.2126 1375913
94.2739 1376449
94.2786 1376985
94.3494 1377521
94.4202 1378057
94.425 1378593
94.4297 1379129
94.5241 1379665
94.5288 1380201
94.5996 1380737
94.6043 1381273
94.609 1381809
94.661 1382345
94.6751 1382881
94.7601 1383417
94.7648 1383953
94.7695 1384489
94.8214 1385025
94.8262 1385561
94.9017 1386097
94.9347 1386633
94.9394 1387169
94.9442 1387705
95.0055 1388241
95.0433 1388777
95.048 1389313
95.1188 1389849
95.1235 1390385
95.166 1390921
95.1754 1391457
95.2604 1391993
95.2651 1392529
95.2746 1393065
95.284 1393601
95.317 1394137
95.3218 1394673
95.4445 1395209
95.4634 1395745
95.4681 1396281
95.4728 1396817
95.5342 1397353
95.5389 1397889
95.5955 1398425
95.6002 1398961
95.6522 1399497
95.6616 1400033
95.756 1400569
95.7654 1401105
95.7702 1401641
95.7749 1402177
95.7843 1402713
95.8221 1403249
95.8268 1403785
95.9306 1404321
95.9354 1404857
95.9637 1405393
95.9684 1405929
96.0392 1406465
96.0439 1407001
96.11 1407537
96.1147 1408073
96.1619 1408609
96.1666 1409145
96.2658 1409681
96.2799 1410217
96.2846 1410753
96.2894 1411289
96.2941 1411825
96.2988 1412361
96.3224 1412897
96.3271 1413433
96.4357 1413969
96.4404 1414505
96.4687 1415041
96.4734 1415577
96.5348 1416113
96.5395 1416649
96.6056 1417185
96.6103 1417721
96.6717 1418257
96.6764 1418793
96.7802 1419329
96.785 1419865
96.7897 1420401
96.7991 1420937
96.8086 1421473
96.8133 1422009
96.818 1422545
96.8416 1423081
96.8463 1423617
96.9549 1424153
96.9596 1424689
96.9879 1425225
96.9926 1425761
97.0634 1426297
97.0682 1426833
97.1342 1427369
97.139 1427905
97.1909 1428441
97.2522 1428977
97.2994 1429513
97.3042 1430049
97.323 1430585
97.3278 1431121
97.3325 1431657
97.3844 1432193
97.3986 1432729
97.4033 1433265
97.4788 1433801
97.4835 1434337
97.5024 1434873
97.5071 1435409
97.5779 1435945
97.5826 1436481
97.6582 1437017
97.7148 1437553
97.7195 1438089
97.7337 1438625
97.8139 1439161
97.8186 1439697
97.8564 1440233
97.913 1440769
97.9178 1441305
97.9225 1441841
97.9886 1442377
97.9933 1442913
98.0452 1443449
98.0499 1443985
98.0546 1444521
98.1018 1445057
98.1066 1445593
98.2057 1446129
98.2104 1446665
98.2151 1447201
98.2623 1447737
98.267 1448273
98.3473 1448809
98.352 1449345
98.3567 1449881
98.4275 1450417
98.4322 1450953
98.5219 1451489
98.5266 1452025
98.5314 1452561
98.5974 1453097
98.6022 1453633
98.6069 1454169
98.6966 1454705
98.7013 1455241
98.7579 1455777
98.7626 1456313
98.7674 1456849
98.857 1457385
98.8618 1457921
98.9467 1458457
98.9514 1458993
98.9562 1459529
99.0411 1460065
99.0458 1460601
99.6689 1461137
99.6689 1461673
99.6689 1462209
99.6689 1462745
99.9426 1463281
99.9426 1463817
99.9426 1464353
99.9521 1464889
99.9521 1465425
99.9521 1465961
99.9521 1466497
99.9521 1467033
99.9521 1467569
99.9521 1468105
99.9521 1468641
99.9521 1469177
99.9521 1469713
99.9521 1470249
99.9521 1470785
99.9521 1471321
99.9521 1471857
99.9521 1472393
99.9521 1472929
99.9615 1473465
