1.00786 32697
1.01258 33233
1.02202 33769
1.05034 34305
1.05506 34841
1.05978 35377
1.0645 35913
1.06922 36449
1.07394 36985
1.08338 37521
1.09282 38057
1.10226 38593
1.10698 39129
1.11642 39665
1.12586 40201
1.1353 40737
1.14002 41273
1.14946 41809
1.16362 42345
1.16834 42881
1.17306 43417
1.36186 43953
1.3713 44489
1.38074 45025
1.39018 45561
1.39962 46097
1.40906 46633
1.42887 47169
1.43831 47705
1.44349 48241
1.46284 48777
1.47228 49313
1.48172 49849
1.49116 50385
1.49588 50921
1.50532 51457
1.53836 51993
1.5478 52529
1.55724 53065
1.56196 53601
1.56668 54137
1.5714 54673
1.59028 55209
1.595 55745
1.61388 56281
1.6186 56817
1.62332 57353
1.63748 57889
1.6422 58425
1.66108 58961
1.6658 59497
1.67052 60033
1.68468 60569
1.6894 61105
1.70828 61641
1.713 62177
2.56432 62713
2.56432 63249
2.56432 63785
2.56432 64321
2.56432 64857
2.56432 65393
2.56432 65929
2.56432 66465
2.56432 67001
2.56432 67537
2.56432 68073
2.56432 68609
2.56432 69145
2.56432 69681
2.56432 70217
2.56432 70753
2.56432 71289
2.56432 71825
2.56432 72361
2.56432 72897
2.56432 73433
2.56432 73969
2.56432 74505
2.68704 75041
2.68704 75577
2.68704 76113
2.68704 76649
2.68704 77185
2.68704 77721
2.68704 78257
2.68704 78793
2.7012 79329
2.7012 79865
2.7012 80401
2.7012 80937
2.71064 81473
2.71064 82009
2.71064 82545
2.71064 83081
2.71064 83617
2.71064 84153
2.77672 84689
2.77672 85225
2.77672 85761
2.77672 86297
2.8428 86833
2.8428 87369
2.8428 87905
2.8428 88441
2.8428 88977
2.8428 89513
2.97496 90049
2.97496 90585
2.97496 91121
2.99384 91657
3.00328 92193
3.00328 92729
3.00328 93265
3.00328 93801
3.00328 94337
3.00328 94873
3.00328 95409
3.00328 95945
3.00328 96481
3.00328 97017
3.00328 97553
3.00328 98089
3.00328 98625
3.00328 99161
3.00328 99697
3.00328 100233
3.00328 100769
3.00328 101305
3.00328 101841
3.00328 102377
3.00328 102913
3.00328 103449
3.00328 103985
3.01272 104521
3.02216 105057
3.02688 105593
3.05992 106129
3.06936 106665
3.20624 107201
3.23928 107737
3.244 108273
3.26288 108809
3.2676 109345
3.28648 109881
3.2912 110417
3.29592 110953
3.31008 111489
3.33368 112025
3.3384 112561
3.34312 113097
3.35728 113633
3.40448 114169
3.4092 114705
3.42808 115241
4.0464 115777
4.0464 116313
4.0464 116849
4.0464 117385
4.0464 117921
4.0464 118457
4.0464 118993
4.0464 119529
4.0464 120065
4.0464 120601
4.0464 121137
4.0464 121673
4.0464 122209
4.0464 122745
4.0464 123281
4.0464 123817
4.0464 124353
4.0464 124889
4.0464 125425
4.0464 125961
4.0464 126497
4.0464 127033
4.0464 127569
4.0464 128105
4.0464 128641
4.0464 129177
4.0464 129713
4.0464 130249
4.0464 130785
4.0464 131321
4.0464 131857
4.21632 132393
4.23048 132929
4.2352 133465
4.2824 134001
4.29184 134537
4.29656 135073
4.34848 135609
4.39568 136145
4.41456 136681
4.42872 137217
4.43344 137753
4.43816 138289
4.45704 138825
4.6364 139361
4.64112 139897
4.7072 140433
4.71664 140969
4.7308 141505
4.74024 142041
4.86768 142577
4.87712 143113
4.92904 143649
4.93848 144185
4.9432 144721
4.95264 145257
5.15088 145793
5.1556 146329
5.16032 146865
5.23112 147401
5.23584 147937
5.24528 148473
5.25 149009
5.38216 149545
5.38688 150081
5.44352 150617
5.44824 151153
5.47184 151689
5.47656 152225
5.67952 152761
5.68424 153297
5.68896 153833
5.75504 154369
5.75976 154905
5.76448 155441
5.84944 155977
5.85416 156513
5.93912 157049
5.94384 157585
5.96272 158121
5.96744 158657
6.03352 159193
6.07128 159729
6.18456 160265
6.18928 160801
6.25064 161337
6.25536 161873
6.26008 162409
6.2648 162945
6.27424 163481
6.36864 164017
6.37336 164553
6.45832 165089
6.5244 165625
6.54328 166161
6.548 166697
6.6188 167233
6.62352 167769
6.67544 168305
6.68016 168841
6.7132 169377
6.71792 169913
6.72264 170449
6.72736 170985
6.8312 171521
6.84064 172057
6.93976 172593
6.9492 173129
7.03888 173665
7.0436 174201
7.10496 174737
7.11912 175273
7.138 175809
7.14744 176345
7.19464 176881
7.19936 177417
7.20408 177953
7.2088 178489
7.32208 179025
7.33152 179561
7.43536 180097
7.44008 180633
7.44952 181169
7.55336 181705
7.55808 182241
7.62416 182777
7.62888 183313
7.6572 183849
7.6808 184385
7.71384 184921
7.71856 185457
7.72328 185993
7.76104 186529
7.84128 187065
7.846 187601
7.95456 188137
7.95928 188673
7.964 189209
8.02536 189745
8.07256 190281
8.07728 190817
8.14336 191353
8.14808 191889
8.20472 192425
8.20944 192961
8.27552 193497
8.32272 194033
8.32744 194569
8.3416 195105
8.37936 195641
8.38408 196177
8.47376 196713
8.47848 197249
8.53984 197785
8.54456 198321
8.59648 198857
8.65312 199393
8.65784 199929
8.66256 200465
8.73808 201001
8.75224 201537
8.80416 202073
8.8372 202609
8.84192 203145
8.8844 203681
8.89856 204217
8.90328 204753
8.92688 205289
8.98824 205825
8.99296 206361
9.05432 206897
9.05904 207433
9.14872 207969
9.15344 208505
9.15816 209041
9.16288 209577
9.25728 210113
9.26672 210649
9.31864 211185
9.32336 211721
9.37528 212257
9.38472 212793
9.39888 213329
9.4036 213865
9.48384 214401
9.48856 214937
9.54992 215473
9.55464 216009
9.62544 216545
9.63016 217081
9.63488 217617
9.6396 218153
9.64432 218689
9.71984 219225
9.72456 219761
9.77648 220297
9.78592 220833
9.85672 221369
9.86616 221905
9.88504 222441
9.89448 222977
9.97 223513
9.97472 224049
10.0172 224585
10.0219 225121
10.0833 225657
10.088 226193
10.0927 226729
10.0974 227265
10.1069 227801
10.1163 228337
10.2013 228873
10.2107 229409
10.2721 229945
10.2768 230481
10.3429 231017
10.3476 231553
10.3618 232089
10.3665 232625
10.4373 233161
10.442 233697
10.4986 234233
10.5081 234769
10.5742 235305
10.5789 235841
10.5836 236377
10.5883 236913
10.593 237449
10.5978 237985
10.6969 238521
10.7016 239057
10.7063 239593
10.7441 240129
10.7488 240665
10.8102 241201
10.8149 241737
10.8243 242273
10.829 242809
10.914 243345
10.9234 243881
10.9801 244417
10.9848 244953
11.0556 245489
11.0603 246025
11.065 246561
11.0698 247097
11.0745 247633
11.0792 248169
11.1972 248705
11.2066 249241
11.2491 249777
11.2538 250313
11.3199 250849
11.3246 251385
11.3388 251921
11.3435 252457
11.4049 252993
11.4096 253529
11.4521 254065
11.4568 254601
11.5182 255137
11.5229 255673
11.5276 256209
11.5323 256745
11.537 257281
11.5465 257817
11.6739 258353
11.6786 258889
11.7353 259425
11.74 259961
11.8108 260497
11.8155 261033
11.8202 261569
11.8297 262105
11.8391 262641
11.9146 263177
11.9194 263713
11.9666 264249
11.9713 264785
12.0326 265321
12.0374 265857
12.0421 266393
12.0657 266929
12.0798 267465
12.0846 268001
12.1742 268537
12.179 269073
12.2214 269609
12.2262 270145
12.3158 270681
12.3206 271217
12.3253 271753
12.33 272289
12.3442 272825
12.3489 273361
12.4338 273897
12.4386 274433
12.4858 274969
12.4905 275505
12.5566 276041
12.5613 276577
12.5802 277113
12.5849 277649
12.6179 278185
12.684 278721
12.6934 279257
12.6982 279793
12.7878 280329
12.8303 280865
12.835 281401
12.8398 281937
12.8586 282473
12.8634 283009
12.9294 283545
12.9672 284081
12.9719 284617
13.0286 285153
13.0333 285689
13.0758 286225
13.0805 286761
13.0852 287297
13.1182 287833
13.1324 288369
13.1843 288905
13.2174 289441
13.2221 289977
13.2268 290513
13.3023 291049
13.3448 291585
13.3495 292121
13.3542 292657
13.4156 293193
13.4203 293729
13.425 294265
13.4817 294801
13.4864 295337
13.5525 295873
13.5997 296409
13.6044 296945
13.6091 297481
13.6563 298017
13.6894 298553
13.7271 299089
13.7318 299625
13.7366 300161
13.8074 300697
13.8121 301233
13.8734 301769
13.8923 302305
13.9065 302841
13.949 303377
13.9537 303913
14.0528 304449
14.0575 304985
14.0622 305521
14.1283 306057
14.133 306593
14.2086 307129
14.2133 307665
14.218 308201
14.8694 308737
14.8694 309273
14.8694 309809
14.8694 310345
14.8694 310881
14.8694 311417
14.8694 311953
14.8694 312489
14.8694 313025
14.8694 313561
14.8694 314097
14.8694 314633
14.8694 315169
14.8694 315705
14.8694 316241
14.8694 316777
14.8694 317313
14.8694 317849
14.8694 318385
14.8694 318921
14.8694 319457
14.8694 319993
14.8694 320529
14.8694 321065
15.0676 321601
15.1195 322137
15.1337 322673
15.1384 323209
15.2328 323745
15.2375 324281
15.2894 324817
15.3319 325353
15.3366 325889
15.3414 326425
15.6482 326961
15.6529 327497
15.6576 328033
15.6812 328569
15.752 329105
15.7567 329641
15.8417 330177
15.8464 330713
15.8511 331249
15.8558 331785
16.1674 332321
16.1721 332857
16.191 333393
16.1957 333929
16.2712 334465
16.2759 335001
16.3609 335537
16.3656 336073
16.3703 336609
16.427 337145
16.6913 337681
16.696 338217
16.7007 338753
16.7385 339289
16.7432 339825
16.7904 340361
16.7951 340897
16.8801 341433
16.8848 341969
16.9462 342505
16.9509 343041
17.2105 343577
17.2152 344113
17.2671 344649
17.3002 345185
17.3049 345721
17.3096 346257
17.3946 346793
17.3993 347329
17.4606 347865
17.4654 348401
17.6683 348937
17.758 349473
17.7627 350009
17.843 350545
17.8477 351081
17.8524 351617
17.9185 352153
17.9232 352689
17.9846 353225
17.9893 353761
17.994 354297
18.0318 354833
18.2536 355369
18.2583 355905
18.3291 356441
18.3338 356977
18.3386 357513
18.3433 358049
18.4046 358585
18.4141 359121
18.4566 359657
18.4613 360193
18.499 360729
18.5038 361265
18.7256 361801
18.7303 362337
18.8011 362873
18.8106 363409
18.8153 363945
18.82 364481
18.8342 365017
18.8719 365553
18.8766 366089
18.9333 366625
18.938 367161
18.9899 367697
18.9946 368233
19.2212 368769
19.2306 369305
19.292 369841
19.3014 370377
19.3109 370913
19.3203 371449
19.3675 371985
19.3722 372521
19.41 373057
19.4194 373593
19.4714 374129
19.4808 374665
19.6932 375201
19.7404 375737
19.7451 376273
19.8159 376809
19.8206 377345
19.8348 377881
19.8537 378417
19.8867 378953
19.8914 379489
19.8962 380025
19.9292 380561
19.9339 381097
19.9906 381633
19.9953 382169
20.236 382705
20.2407 383241
20.3115 383777
20.3162 384313
20.3446 384849
20.3493 385385
20.3965 385921
20.4012 386457
20.4059 386993
20.4106 387529
20.4437 388065
20.4673 388601
20.5098 389137
20.5145 389673
20.7552 390209
20.7599 390745
20.8307 391281
20.8354 391817
20.8638 392353
20.8826 392889
20.9298 393425
20.944 393961
20.9676 394497
20.9723 395033
21.0195 395569
21.0242 396105
21.029 396641
21.062 397177
21.0762 397713
21.2744 398249
21.2791 398785
21.3499 399321
21.3546 399857
21.4018 400393
21.4679 400929
21.4726 401465
21.4774 402001
21.5434 402537
21.5482 403073
21.5765 403609
21.5954 404145
21.6001 404681
21.6803 405217
21.7936 405753
21.7983 406289
21.8644 406825
21.8691 407361
21.9446 407897
22.006 408433
22.0107 408969
22.0154 409505
22.0721 410041
22.0768 410577
22.1193 411113
22.124 411649
22.1476 412185
22.209 412721
22.2137 413257
22.3081 413793
22.3128 414329
22.3789 414865
22.4544 415401
22.4591 415937
22.4638 416473
22.5252 417009
22.5299 417545
22.5771 418081
22.5818 418617
22.6054 419153
22.6102 419689
22.6338 420225
22.6385 420761
22.7187 421297
22.7234 421833
22.8037 422369
22.8084 422905
22.9311 423441
22.9358 423977
22.9406 424513
22.9453 425049
23.0019 425585
23.0066 426121
23.0491 426657
23.0538 427193
23.0774 427729
23.0822 428265
23.0963 428801
23.101 429337
23.1766 429873
23.1813 430409
23.2474 430945
23.2521 431481
23.2615 432017
23.3748 432553
23.3795 433089
23.3842 433625
23.389 434161
23.4598 434697
23.4645 435233
23.4881 435769
23.4928 436305
23.5164 436841
23.5211 437377
23.5353 437913
23.54 438449
23.6108 438985
23.6155 439521
23.7005 440057
23.7052 440593
23.8232 441129
23.8279 441665
23.8326 442201
23.8374 442737
23.8987 443273
23.9034 443809
23.927 444345
23.9318 444881
23.9506 445417
23.9601 445953
23.979 446489
23.9837 447025
24.045 447561
24.0498 448097
24.1489 448633
24.1583 449169
24.2716 449705
24.2763 450241
24.281 450777
24.2858 451313
24.2905 451849
24.3613 452385
24.366 452921
24.3896 453457
24.3943 453993
24.4132 454529
24.4226 455065
24.4368 455601
24.4415 456137
24.5123 456673
24.517 457209
24.6256 457745
24.635 458281
24.7672 458817
24.7719 459353
24.7766 459889
24.7814 460425
24.7861 460961
24.7955 461497
24.8569 462033
24.8663 462569
24.8805 463105
24.8899 463641
24.9088 464177
24.9135 464713
24.9277 465249
24.9324 465785
25.0032 466321
25.0126 466857
25.1259 467393
25.1306 467929
25.2722 468465
25.277 469001
25.2817 469537
25.2864 470073
25.3006 470609
25.3053 471145
25.3714 471681
25.3761 472217
25.3808 472753
25.4091 473289
25.4138 473825
25.428 474361
25.4327 474897
25.4469 475433
25.461 475969
25.5271 476505
25.5318 477041
25.631 477577
25.6357 478113
25.7914 478649
25.7962 479185
25.8009 479721
25.8198 480257
25.8575 480793
25.8622 481329
25.8953 481865
25.9 482401
25.9189 482937
25.9236 483473
25.9425 484009
25.9472 484545
25.9708 485081
26.0038 485617
26.0416 486153
26.0463 486689
26.1454 487225
26.1502 487761
26.3106 488297
26.3154 488833
26.3201 489369
26.339 489905
26.372 490441
26.3767 490977
26.405 491513
26.4098 492049
26.4334 492585
26.4475 493121
26.4522 493657
26.457 494193
26.4617 494729
26.5655 495265
26.5702 495801
26.608 496337
26.6316 496873
26.6599 497409
26.6646 497945
26.8251 498481
26.8298 499017
26.8346 499553
26.877 500089
26.9148 500625
26.9195 501161
26.9809 501697
26.9856 502233
27.0564 502769
27.0611 503305
27.0753 503841
27.7172 504377
27.7172 504913
27.7172 505449
27.7172 505985
27.7172 506521
27.7172 507057
27.7172 507593
27.7172 508129
27.7172 508665
27.7172 509201
27.7172 509737
27.7172 510273
27.7172 510809
27.7172 511345
27.7172 511881
27.7172 512417
27.7172 512953
27.7172 513489
27.7172 514025
27.7172 514561
27.7172 515097
27.7172 515633
28.024 516169
28.0287 516705
28.0712 517241
28.0901 517777
28.1467 518313
28.1798 518849
28.1845 519385
28.2317 519921
28.2364 520457
28.5432 520993
28.5479 521529
28.6046 522065
28.6093 522601
28.6942 523137
28.699 523673
28.765 524209
28.8453 524745
28.9538 525281
29.0624 525817
29.0671 526353
29.1285 526889
29.2134 527425
29.2182 527961
29.2229 528497
29.3598 529033
29.3645 529569
29.5816 530105
29.5863 530641
29.591 531177
29.6571 531713
29.6618 532249
29.7326 532785
29.7374 533321
29.8742 533857
29.879 534393
30.0866 534929
30.1433 535465
30.148 536001
30.233 536537
30.2377 537073
30.2471 537609
30.2518 538145
30.3887 538681
30.3934 539217
30.6011 539753
30.6578 540289
30.6625 540825
30.7474 541361
30.7522 541897
30.7569 542433
30.8371 542969
30.8418 543505
30.9079 544041
30.9126 544577
31.1062 545113
31.1722 545649
31.177 546185
31.2619 546721
31.2666 547257
31.2714 547793
31.3327 548329
31.361 548865
31.3658 549401
31.4271 549937
31.4318 550473
31.6726 551009
31.6867 551545
31.767 552081
31.7764 552617
31.7858 553153
31.7906 553689
31.8047 554225
31.885 554761
31.8897 555297
31.9416 555833
31.9841 556369
32.1682 556905
32.2059 557441
32.2106 557977
32.2909 558513
32.2956 559049
32.3381 559585
32.3994 560121
32.4042 560657
32.4089 561193
32.4797 561729
32.4844 562265
32.6921 562801
32.6968 563337
32.744 563873
32.8006 564409
32.8101 564945
32.8148 565481
32.9045 566017
32.9139 566553
32.9234 567089
32.9281 567625
32.9328 568161
33.0036 568697
33.0083 569233
33.216 569769
33.2207 570305
33.3198 570841
33.3246 571377
33.3293 571913
33.3812 572449
33.4284 572985
33.4331 573521
33.4992 574057
33.5606 574593
33.5936 575129
33.5983 575665
33.721 576201
33.7966 576737
33.8013 577273
33.8674 577809
33.8721 578345
33.8957 578881
33.9004 579417
33.957 579953
34.009 580489
34.0798 581025
34.0845 581561
34.0892 582097
34.1222 582633
34.1458 583169
34.3063 583705
34.311 584241
34.3535 584777
34.363 585313
34.3913 585849
34.396 586385
34.4432 586921
34.4526 587457
34.547 587993
34.5518 588529
34.5612 589065
34.5706 589601
34.6226 590137
34.6273 590673
34.8255 591209
34.8302 591745
34.8774 592281
34.8822 592817
34.9058 593353
34.9105 593889
34.9435 594425
34.9482 594961
35.0238 595497
35.0285 596033
35.0379 596569
35.0474 597105
35.104 597641
35.1134 598177
35.1182 598713
35.3353 599249
35.34 599785
35.3919 600321
35.3966 600857
35.4202 601393
35.425 601929
35.4674 602465
35.4816 603001
35.543 603537
35.5477 604073
35.5571 604609
35.5618 605145
35.6279 605681
35.6326 606217
35.8167 606753
35.8309 607289
35.8356 607825
35.897 608361
35.9017 608897
35.9394 609433
35.9442 609969
35.9866 610505
35.9914 611041
36.0622 611577
36.0669 612113
36.1094 612649
36.1802 613185
36.1849 613721
36.199 614257
36.3454 614793
36.3501 615329
36.3548 615865
36.4114 616401
36.4162 616937
36.4539 617473
36.4586 618009
36.5106 618545
36.5672 619081
36.5766 619617
36.5814 620153
36.6522 620689
36.7041 621225
36.7088 621761
36.7135 622297
36.8598 622833
36.8646 623369
36.8693 623905
36.9259 624441
36.9306 624977
36.9354 625513
37.0062 626049
37.0109 626585
37.0817 627121
37.0864 627657
37.0958 628193
37.1006 628729
37.2186 629265
37.2233 629801
37.228 630337
37.2658 630873
37.379 631409
37.3838 631945
37.4498 632481
37.5301 633017
37.5348 633553
37.5395 634089
37.6292 634625
38.2098 635161
38.2098 635697
38.2098 636233
38.2098 636769
38.2098 637305
38.2098 637841
38.2098 638377
38.2098 638913
38.2098 639449
38.2098 639985
38.2098 640521
38.2098 641057
38.2098 641593
38.2098 642129
38.2098 642665
38.2098 643201
38.2098 643737
38.2098 644273
38.2098 644809
38.526 645345
38.5307 645881
38.5543 646417
38.6157 646953
38.6204 647489
38.6865 648025
38.6912 648561
39.0074 649097
39.0169 649633
39.1207 650169
39.1254 650705
39.1679 651241
39.1726 651777
39.3945 652313
39.4039 652849
39.5314 653385
39.5361 653921
39.6399 654457
39.6446 654993
39.6871 655529
39.6918 656065
39.9278 656601
39.9326 657137
40.0506 657673
40.0553 658209
40.1638 658745
40.1686 659281
40.2063 659817
40.211 660353
40.447 660889
40.4518 661425
40.5698 661961
40.5745 662497
40.5792 663033
40.683 663569
40.6878 664105
40.7397 664641
40.8152 665177
40.9662 665713
40.971 666249
41.089 666785
41.0937 667321
41.1975 667857
41.2022 668393
41.2542 668929
41.3438 669465
41.4854 670001
41.4902 670537
41.6034 671073
41.6082 671609
41.712 672145
41.7167 672681
41.7214 673217
41.8111 673753
41.8158 674289
41.9999 674825
42.0046 675361
42.1179 675897
42.1226 676433
42.2029 676969
42.2076 677505
42.2123 678041
42.217 678577
42.3162 679113
42.3209 679649
42.4908 680185
42.4955 680721
42.623 681257
42.6277 681793
42.7126 682329
42.7174 682865
42.7221 683401
42.7268 683937
42.8165 684473
42.8212 685009
42.8259 685545
42.977 686081
42.9864 686617
43.1186 687153
43.1233 687689
43.2035 688225
43.2082 688761
43.213 689297
43.2177 689833
43.331 690369
43.3404 690905
43.482 691441
43.4867 691977
43.6094 692513
43.6142 693049
43.7133 693585
43.7322 694121
43.7369 694657
43.7416 695193
43.8454 695729
43.8502 696265
43.9965 696801
44.0012 697337
44.1239 697873
44.1286 698409
44.1334 698945
44.2278 699481
44.2325 700017
44.2844 700553
44.3316 701089
44.3599 701625
44.3646 702161
44.4921 702697
44.4968 703233
44.6242 703769
44.629 704305
44.6337 704841
44.6431 705377
44.747 705913
44.7517 706449
44.8555 706985
44.8602 707521
44.9122 708057
44.9782 708593
45.0113 709129
45.016 709665
45.1434 710201
45.1482 710737
45.1576 711273
45.2048 711809
45.2095 712345
45.2662 712881
45.2709 713417
45.3842 713953
45.3889 714489
45.4974 715025
45.5022 715561
45.5635 716097
45.5966 716633
45.6626 717169
45.6674 717705
45.7193 718241
45.7854 718777
45.7901 719313
45.8137 719849
45.8986 720385
45.9034 720921
46.0119 721457
46.0166 721993
46.078 722529
46.0827 723065
46.1771 723601
46.1818 724137
46.2621 724673
46.2998 725209
46.3046 725745
46.3093 726281
46.4131 726817
46.4178 727353
46.4226 727889
46.5264 728425
46.5311 728961
46.5925 729497
46.5972 730033
46.701 730569
46.7058 731105
46.7766 731641
46.7813 732177
46.819 732713
46.8238 733249
46.9276 733785
46.9323 734321
46.937 734857
47.0173 735393
47.0456 735929
47.0503 736465
47.1117 737001
47.1164 737537
47.2202 738073
47.225 738609
47.2958 739145
47.3005 739681
47.3335 740217
47.3382 740753
47.4468 741289
47.4515 741825
47.5318 742361
47.5365 742897
47.5412 743433
47.5931 743969
47.5978 744505
47.6309 745041
47.6356 745577
47.7394 746113
47.7442 746649
47.815 747185
47.8197 747721
47.8527 748257
47.8574 748793
47.966 749329
47.9707 749865
48.051 750401
48.0557 750937
48.1123 751473
48.117 752009
48.1784 752545
48.2445 753081
48.2539 753617
48.2586 754153
48.3342 754689
48.4097 755225
48.4144 755761
48.4191 756297
48.4994 756833
48.5041 757369
48.589 757905
48.5938 758441
48.6362 758977
48.641 759513
48.6976 760049
48.7637 760585
48.7684 761121
48.7731 761657
48.8298 762193
48.8486 762729
48.8534 763265
48.9289 763801
48.9336 764337
49.028 764873
49.0988 765409
49.1035 765945
49.1082 766481
49.2074 767017
49.2121 767553
49.2451 768089
49.2687 768625
49.2876 769161
49.3112 769697
49.349 770233
49.3537 770769
49.3678 771305
49.415 771841
49.4434 772377
49.4481 772913
49.5991 773449
49.6038 773985
49.6086 774521
49.618 775057
49.7218 775593
49.736 776129
49.7785 776665
49.7832 777201
49.8115 777737
49.821 778273
49.854 778809
49.8587 779345
49.8634 779881
49.9106 780417
49.9154 780953
49.939 781489
49.9437 782025
50.0994 782561
50.1042 783097
50.1089 783633
50.1183 784169
50.2033 784705
50.208 785241
50.2741 785777
50.2788 786313
50.293 786849
50.2977 787385
50.3354 787921
50.3402 788457
50.3779 788993
50.3874 789529
50.4251 790065
50.4298 790601
50.5998 791137
50.6045 791673
50.6092 792209
50.6139 792745
50.7036 793281
50.7083 793817
50.7697 794353
50.7744 794889
50.7791 795425
50.7838 795961
50.8263 796497
50.831 797033
50.8688 797569
50.8735 798105
50.9207 798641
50.9254 799177
50.9302 799713
51.0954 800249
51.1001 800785
51.1048 801321
51.1095 801857
51.2086 802393
51.2181 802929
51.2889 803465
51.2936 804001
51.2983 804537
51.3219 805073
51.3408 805609
51.3455 806145
51.3974 806681
51.4352 807217
51.4399 807753
51.4446 808289
51.5013 808825
51.506 809361
51.6193 809897
51.624 810433
51.6287 810969
51.6712 811505
51.7326 812041
51.7373 812577
51.8081 813113
51.8128 813649
51.8364 814185
51.8694 814721
51.8742 815257
51.9497 815793
52.011 816329
52.0158 816865
52.063 817401
52.0677 817937
52.0724 818473
52.1385 819009
52.1432 819545
52.2187 820081
52.2234 820617
52.2329 821153
52.2848 821689
52.2895 822225
52.3367 822761
52.3414 823297
52.3462 823833
52.3839 824369
52.3886 824905
52.4642 825441
52.5255 825977
52.5302 826513
52.535 827049
52.6199 827585
52.6246 828121
52.6907 828657
52.6954 829193
52.7332 829729
52.7379 830265
52.7946 830801
52.8465 831337
52.8512 831873
52.8559 832409
52.922 832945
52.9267 833481
52.9928 834017
52.9975 834553
53.0022 835089
53.0683 835625
53.073 836161
53.1438 836697
53.1533 837233
53.158 837769
53.2382 838305
53.243 838841
53.309 839377
53.3138 839913
53.3185 840449
53.3846 840985
53.3987 841521
53.479 842057
53.4931 842593
53.4978 843129
53.5828 843665
53.5875 844201
53.5922 844737
53.6772 845273
53.6819 845809
54.3522 846345
54.3522 846881
54.3522 847417
54.3522 847953
54.3522 848489
54.3522 849025
54.3522 849561
54.3522 850097
54.3522 850633
54.3522 851169
54.3522 851705
54.3522 852241
54.3522 852777
54.3522 853313
54.3522 853849
54.3522 854385
54.3522 854921
54.3522 855457
54.3522 855993
54.3522 856529
54.3522 857065
54.3522 857601
54.5976 858137
54.6023 858673
54.607 859209
54.6542 859745
54.7109 860281
54.7156 860817
54.7581 861353
54.8383 861889
54.8478 862425
55.1026 862961
55.1074 863497
55.1593 864033
55.164 864569
55.2254 865105
55.2301 865641
55.3481 866177
55.3528 866713
55.5605 867249
55.6218 867785
55.6266 868321
55.6974 868857
55.7021 869393
55.754 869929
55.7587 870465
55.8673 871001
55.872 871537
56.1363 872073
56.141 872609
56.1458 873145
56.2118 873681
56.2166 874217
56.2685 874753
56.2732 875289
56.3865 875825
56.3912 876361
56.5942 876897
56.6555 877433
56.6602 877969
56.731 878505
56.7358 879041
56.783 879577
56.7877 880113
56.901 880649
56.9057 881185
57.1086 881721
57.1747 882257
57.1794 882793
57.2502 883329
57.255 883865
57.2597 884401
57.3446 884937
57.3494 885473
57.4202 886009
57.4249 886545
57.6184 887081
57.6892 887617
57.6939 888153
57.7694 888689
57.7742 889225
57.7789 889761
57.8733 890297
57.878 890833
57.9394 891369
57.9441 891905
57.9488 892441
58.147 892977
58.1518 893513
58.2462 894049
58.2509 894585
58.2556 895121
58.2603 895657
58.2698 896193
58.35 896729
58.3547 897265
58.4066 897801
58.4114 898337
58.5577 898873
58.5624 899409
58.6285 899945
58.6332 900481
58.6379 901017
58.6426 901553
58.6568 902089
58.6615 902625
58.7323 903161
58.737 903697
58.8078 904233
58.8173 904769
58.9494 905305
58.9542 905841
59.0297 906377
59.0391 906913
59.0438 907449
59.0533 907985
59.0722 908521
59.0769 909057
59.143 909593
59.1524 910129
59.1571 910665
59.2232 911201
59.2279 911737
59.3601 912273
59.3648 912809
59.4592 913345
59.4686 913881
59.4734 914417
59.4781 914953
59.4922 915489
59.5017 916025
59.5725 916561
59.5772 917097
59.648 917633
59.6574 918169
59.8038 918705
59.8085 919241
59.8793 919777
59.884 920313
59.8934 920849
59.9029 921385
59.917 921921
59.9218 922457
59.9878 922993
59.9926 923529
60.0822 924065
60.087 924601
60.0917 925137
60.2427 925673
60.2522 926209
60.3371 926745
60.3418 927281
60.3466 927817
60.3513 928353
60.3749 928889
60.3796 929425
60.4504 929961
60.4551 930497
60.5259 931033
60.5306 931569
60.5401 932105
60.5495 932641
60.7053 933177
60.71 933713
60.795 934249
60.8044 934785
60.8091 935321
60.8138 935857
60.8374 936393
60.8422 936929
60.8941 937465
60.8988 938001
60.9885 938537
60.9932 939073
60.9979 939609
61.0026 940145
61.1962 940681
61.2009 941217
61.2056 941753
61.2906 942289
61.2953 942825
61.3 943361
61.3047 943897
61.3189 944433
61.3283 944969
61.3944 945505
61.3991 946041
61.4841 946577
61.4888 947113
61.4982 947649
61.5077 948185
61.7059 948721
61.7106 949257
61.8003 949793
61.805 950329
61.8098 950865
61.8145 951401
61.8334 951937
61.8381 952473
61.9042 953009
61.9089 953545
61.9891 954081
61.9938 954617
61.9986 955153
62.0033 955689
62.2204 956225
62.2251 956761
62.3101 957297
62.3148 957833
62.3195 958369
62.3242 958905
62.3337 959441
62.3526 959977
62.3573 960513
62.4234 961049
62.4281 961585
62.5036 962121
62.5083 962657
62.513 963193
62.5461 963729
62.7066 964265
62.7302 964801
62.7443 965337
62.8293 965873
62.834 966409
62.8387 966945
62.8623 967481
62.867 968017
62.8718 968553
62.9426 969089
62.9473 969625
63.0181 970161
63.0228 970697
63.0275 971233
63.07 971769
63.221 972305
63.2258 972841
63.2635 973377
63.2682 973913
63.3485 974449
63.3532 974985
63.4382 975521
63.4854 976057
63.4901 976593
63.4948 977129
64.1603 977665
64.1603 978201
64.1603 978737
64.1603 979273
64.1603 979809
64.1603 980345
64.1603 980881
64.1603 981417
64.1603 981953
64.1603 982489
64.1603 983025
64.1603 983561
64.1603 984097
64.1603 984633
64.1603 985169
64.1603 985705
64.1603 986241
64.1603 986777
64.1603 987313
64.5143 987849
64.519 988385
64.5238 988921
64.5946 989457
64.6229 989993
64.6276 990529
64.6606 991065
64.9816 991601
64.9863 992137
65.0807 992673
65.0854 993209
65.1138 993745
65.1232 994281
65.345 994817
65.3592 995353
65.4725 995889
65.4772 996425
65.5716 996961
65.5763 997497
65.5999 998033
65.6094 998569
65.8642 999105
65.869 999641
65.987 1000177
65.9917 1000713
66.0908 1001249
66.0955 1001785
66.1191 1002321
66.1286 1002857
66.3787 1003393
66.3834 1003929
66.5062 1004465
66.5109 1005001
66.5156 1005537
66.61 1006073
66.6147 1006609
66.6619 1007145
66.6902 1007681
66.8979 1008217
66.9026 1008753
67.0254 1009289
67.0301 1009825
67.1339 1010361
67.1386 1010897
67.1953 1011433
67.2378 1011969
67.403 1012505
67.4549 1013041
67.4596 1013577
67.5493 1014113
67.554 1014649
67.5587 1015185
67.6531 1015721
67.6578 1016257
67.7522 1016793
67.757 1017329
67.9741 1017865
67.9788 1018401
68.0638 1018937
68.1346 1019473
68.1487 1020009
68.1534 1020545
68.2337 1021081
68.2384 1021617
68.2998 1022153
68.3045 1022689
68.4886 1023225
68.4933 1023761
68.649 1024297
68.6538 1024833
68.6962 1025369
68.7387 1025905
68.7529 1026441
68.7576 1026977
68.7623 1027513
68.8331 1028049
68.8378 1028585
69.0078 1029121
69.0125 1029657
69.1682 1030193
69.173 1030729
69.2532 1031265
69.2579 1031801
69.3193 1032337
69.3854 1032873
69.3901 1033409
69.3948 1033945
69.527 1034481
69.5317 1035017
69.6827 1035553
69.6874 1036089
69.7677 1036625
69.7724 1037161
69.8338 1037697
69.8385 1038233
69.9093 1038769
69.914 1039305
70.0414 1039841
70.0462 1040377
70.0509 1040913
70.1972 1041449
70.2019 1041985
70.2822 1042521
70.2869 1043057
70.3482 1043593
70.4285 1044129
70.4332 1044665
70.4379 1045201
70.5559 1045737
70.5606 1046273
70.5654 1046809
70.655 1047345
70.7164 1047881
70.7211 1048417
70.8014 1048953
70.8722 1049489
70.943 1050025
70.9477 1050561
70.9524 1051097
71.0185 1051633
71.0751 1052169
71.0798 1052705
71.1837 1053241
71.1884 1053777
71.1931 1054313
71.2356 1054849
71.2639 1055385
71.3914 1055921
71.3961 1056457
71.4622 1056993
71.4669 1057529
71.5566 1058065
71.5802 1058601
71.5943 1059137
71.599 1059673
71.7029 1060209
71.7076 1060745
71.7359 1061281
71.7454 1061817
71.8917 1062353
71.8964 1062889
71.9672 1063425
71.9719 1063961
72.0569 1064497
72.0616 1065033
72.0899 1065569
72.0946 1066105
72.1938 1066641
72.1985 1067177
72.2315 1067713
72.241 1068249
72.3826 1068785
72.392 1069321
72.4014 1069857
72.4628 1070393
72.4675 1070929
72.5572 1071465
72.5666 1072001
72.6044 1072537
72.6091 1073073
72.7082 1073609
72.713 1074145
72.7602 1074681
72.7743 1075217
72.9018 1075753
72.9065 1076289
72.9112 1076825
72.9159 1077361
72.9867 1077897
72.9914 1078433
73.0811 1078969
73.0858 1079505
73.1236 1080041
73.1519 1080577
73.2274 1081113
73.2322 1081649
73.2888 1082185
73.2935 1082721
73.421 1083257
73.4257 1083793
73.4304 1084329
73.5059 1084865
73.5106 1085401
73.5154 1085937
73.5767 1086473
73.6003 1087009
73.605 1087545
73.6664 1088081
73.6711 1088617
73.7466 1089153
73.7514 1089689
73.808 1090225
73.8788 1090761
73.9402 1091297
73.9449 1091833
74.0204 1092369
74.0251 1092905
74.0298 1093441
74.0912 1093977
74.1148 1094513
74.1195 1095049
74.1809 1095585
74.1856 1096121
74.2611 1096657
74.2658 1097193
74.3225 1097729
74.3272 1098265
74.4546 1098801
74.4594 1099337
74.5349 1099873
74.6057 1100409
74.6104 1100945
74.6246 1101481
74.7048 1102017
74.7095 1102553
74.7662 1103089
74.7709 1103625
74.7756 1104161
74.8417 1104697
74.8464 1105233
74.9172 1105769
74.9219 1106305
74.9738 1106841
74.9786 1107377
75.0494 1107913
75.1438 1108449
75.1485 1108985
75.1532 1109521
75.2287 1110057
75.2334 1110593
75.2901 1111129
75.2948 1111665
75.2995 1112201
75.3326 1112737
75.3656 1113273
75.3703 1113809
75.4411 1114345
75.4789 1114881
75.493 1115417
75.5166 1115953
75.663 1116489
75.6677 1117025
75.6724 1117561
75.6866 1118097
75.7385 1118633
75.7432 1119169
75.7904 1119705
75.7998 1120241
75.8234 1120777
75.8282 1121313
75.8329 1121849
75.8565 1122385
75.8612 1122921
75.9556 1123457
75.9603 1123993
75.9886 1124529
75.9934 1125065
76.1633 1125601
76.168 1126137
76.1822 1126673
76.1869 1127209
76.2435 1127745
76.2482 1128281
76.319 1128817
76.3238 1129353
76.3426 1129889
76.3615 1130425
76.3757 1130961
76.3804 1131497
76.4512 1132033
76.4559 1132569
76.4842 1133105
76.4937 1133641
76.6447 1134177
76.6542 1134713
76.6778 1135249
76.6825 1135785
76.7438 1136321
76.7486 1136857
76.8382 1137393
76.843 1137929
76.8713 1138465
76.8949 1139001
76.8996 1139537
76.9326 1140073
76.9704 1140609
76.9751 1141145
77.0176 1141681
77.0601 1142217
77.0648 1142753
77.1592 1143289
77.1639 1143825
77.2158 1144361
77.2442 1144897
77.2583 1145433
77.263 1145969
77.3669 1146505
77.3716 1147041
77.3999 1147577
77.4471 1148113
77.4518 1148649
77.4566 1149185
77.551 1149721
77.5557 1150257
77.6642 1150793
77.669 1151329
77.6737 1151865
77.735 1152401
77.7398 1152937
77.8011 1153473
77.8058 1154009
77.82 1154545
77.8719 1155081
77.8861 1155617
77.938 1156153
77.9522 1156689
77.9616 1157225
77.9663 1157761
77.971 1158297
78.023 1158833
78.0702 1159369
78.0749 1159905
78.1834 1160441
78.1882 1160977
78.1929 1161513
78.259 1162049
78.2637 1162585
78.325 1163121
78.3298 1163657
78.3345 1164193
78.3817 1164729
78.4053 1165265
78.41 1165801
78.4714 1166337
78.5091 1166873
78.5138 1167409
78.5186 1167945
78.5894 1168481
78.5941 1169017
78.6743 1169553
78.679 1170089
78.7026 1170625
78.7074 1171161
78.7923 1171697
78.8348 1172233
78.8395 1172769
78.8442 1173305
78.9292 1173841
78.9339 1174377
78.9858 1174913
78.9906 1175449
79.0047 1175985
79.0566 1176521
79.0614 1177057
79.1038 1177593
79.1086 1178129
79.1133 1178665
79.203 1179201
79.2077 1179737
79.2832 1180273
79.2879 1180809
79.3068 1181345
79.3115 1181881
79.3587 1182417
79.3634 1182953
79.3682 1183489
79.4626 1184025
79.4673 1184561
79.5098 1185097
79.5286 1185633
79.5334 1186169
79.5381 1186705
79.5806 1187241
79.5853 1187777
79.623 1188313
79.6278 1188849
79.7316 1189385
79.7363 1189921
79.8071 1190457
79.9062 1190993
79.9204 1191529
79.9251 1192065
79.9723 1192601
79.977 1193137
80.0337 1193673
80.0384 1194209
80.0431 1194745
80.1092 1195281
80.1139 1195817
80.1375 1196353
80.1422 1196889
80.18 1197425
80.973 1197961
80.973 1198497
80.973 1199033
80.973 1199569
80.973 1200105
80.973 1200641
80.973 1201177
80.973 1201713
80.973 1202249
80.973 1202785
80.973 1203321
80.973 1203857
80.973 1204393
80.973 1204929
80.973 1205465
80.973 1206001
80.973 1206537
81.4166 1207073
81.4166 1207609
81.4166 1208145
81.4166 1208681
81.4166 1209217
81.4166 1209753
81.4166 1210289
81.4166 1210825
81.4166 1211361
81.4166 1211897
81.4214 1212433
81.4261 1212969
81.4733 1213505
81.4922 1214041
81.7659 1214577
81.8037 1215113
81.8414 1215649
81.8462 1216185
81.9311 1216721
81.9783 1217257
81.983 1217793
82.0774 1218329
82.2143 1218865
82.3182 1219401
82.3229 1219937
82.3654 1220473
82.4362 1221009
82.4409 1221545
82.4975 1222081
82.5022 1222617
82.5919 1223153
82.5966 1223689
82.8326 1224225
82.8374 1224761
82.8798 1225297
82.9648 1225833
82.9695 1226369
82.9742 1226905
83.0356 1227441
83.0403 1227977
83.1111 1228513
83.1253 1229049
83.3566 1229585
83.3613 1230121
83.4887 1230657
83.4934 1231193
83.4982 1231729
83.5312 1232265
83.5548 1232801
83.5595 1233337
83.5642 1233873
83.6445 1234409
83.6492 1234945
83.8758 1235481
83.8805 1236017
83.9843 1236553
83.989 1237089
84.0315 1237625
84.0362 1238161
84.0598 1238697
84.0646 1239233
84.1259 1239769
84.1306 1240305
84.3147 1240841
84.3478 1241377
84.3525 1241913
84.4752 1242449
84.4846 1242985
84.5271 1243521
84.5318 1244057
84.546 1244593
84.5507 1245129
84.6074 1245665
84.6121 1246201
84.6215 1246737
84.8009 1247273
84.8103 1247809
84.9142 1248345
84.9236 1248881
84.9614 1249417
84.9708 1249953
84.9944 1250489
84.9991 1251025
85.0652 1251561
85.0699 1252097
85.0746 1252633
85.0794 1253169
85.287 1253705
85.2918 1254241
85.3814 1254777
85.3862 1255313
85.4428 1255849
85.4475 1256385
85.4664 1256921
85.4758 1257457
85.5278 1257993
85.5325 1258529
85.5372 1259065
85.5419 1259601
85.5514 1260137
85.7874 1260673
85.7921 1261209
85.8912 1261745
85.9006 1262281
85.9573 1262817
85.962 1263353
85.9762 1263889
85.9856 1264425
86.0375 1264961
86.0422 1265497
86.047 1266033
86.0564 1266569
86.2358 1267105
86.283 1267641
86.2924 1268177
86.3915 1268713
86.3962 1269249
86.4812 1269785
86.4859 1270321
86.519 1270857
86.5567 1271393
86.5614 1271929
86.5803 1272465
86.6558 1273001
86.6606 1273537
86.7974 1274073
86.8022 1274609
86.8069 1275145
86.906 1275681
86.9107 1276217
86.9957 1276753
87.0004 1277289
87.0334 1277825
87.0712 1278361
87.0854 1278897
87.0901 1279433
87.1703 1279969
87.175 1280505
87.3119 1281041
87.3166 1281577
87.3214 1282113
87.3544 1282649
87.4252 1283185
87.4299 1283721
87.5149 1284257
87.5196 1284793
87.5857 1285329
87.5904 1285865
87.6093 1286401
87.7084 1286937
87.7131 1287473
87.7273 1288009
87.8311 1288545
87.8358 1289081
87.8925 1289617
87.9869 1290153
87.9916 1290689
87.9963 1291225
88.0577 1291761
88.0624 1292297
88.1096 1292833
88.1143 1293369
88.119 1293905
88.2229 1294441
88.2276 1294977
88.3031 1295513
88.3881 1296049
88.3928 1296585
88.3975 1297121
88.5202 1297657
88.525 1298193
88.5297 1298729
88.5769 1299265
88.5816 1299801
88.5863 1300337
88.6382 1300873
88.643 1301409
88.7374 1301945
88.7421 1302481
88.8176 1303017
88.8223 1303553
88.9073 1304089
88.912 1304625
89.0347 1305161
89.0394 1305697
89.0442 1306233
89.0819 1306769
89.0961 1307305
89.1008 1307841
89.1055 1308377
89.1527 1308913
89.1574 1309449
89.266 1309985
89.2707 1310521
89.3462 1311057
89.351 1311593
89.4312 1312129
89.4359 1312665
89.5492 1313201
89.5539 1313737
89.5586 1314273
89.6106 1314809
89.6153 1315345
89.62 1315881
89.6766 1316417
89.6814 1316953
89.7569 1317489
89.7616 1318025
89.7899 1318561
89.7946 1319097
89.8654 1319633
89.8702 1320169
89.9504 1320705
89.9551 1321241
90.0684 1321777
90.0731 1322313
90.1392 1322849
90.2053 1323385
90.21 1323921
90.2289 1324457
90.3091 1324993
90.3138 1325529
90.9888 1326065
90.9888 1326601
90.9888 1327137
90.9888 1327673
90.9888 1328209
90.9888 1328745
90.9888 1329281
90.9888 1329817
90.9888 1330353
90.9888 1330889
90.9888 1331425
90.9888 1331961
90.9888 1332497
90.9888 1333033
90.9888 1333569
90.9888 1334105
90.9888 1334641
90.9888 1335177
90.9888 1335713
91.1918 1336249
91.2012 1336785
91.2814 1337321
91.2862 1337857
91.3947 1338393
91.4042 1338929
91.4702 1339465
91.6685 1340001
91.6732 1340537
91.7582 1341073
91.7676 1341609
91.8903 1342145
91.895 1342681
92.1735 1343217
92.1782 1343753
92.183 1344289
92.2632 1344825
92.2726 1345361
92.3954 1345897
92.4048 1346433
92.6078 1346969
92.6927 1347505
92.6974 1348041
92.7871 1348577
92.7918 1349113
92.9146 1349649
92.9193 1350185
93.1175 1350721
93.2072 1351257
93.2119 1351793
93.3016 1352329
93.3063 1352865
93.311 1353401
93.4338 1353937
93.4385 1354473
93.632 1355009
93.6367 1355545
93.7264 1356081
93.7311 1356617
93.8208 1357153
93.8255 1357689
93.9482 1358225
93.953 1358761
94.1512 1359297
94.1559 1359833
94.2409 1360369
94.2456 1360905
94.3353 1361441
94.34 1361977
94.4627 1362513
94.4674 1363049
94.4722 1363585
94.6657 1364121
94.6704 1364657
94.7554 1365193
94.8167 1365729
94.8498 1366265
94.8545 1366801
94.9772 1367337
94.9819 1367873
94.9866 1368409
95.0291 1368945
95.1802 1369481
95.1849 1370017
95.3076 1370553
95.3123 1371089
95.369 1371625
95.3737 1372161
95.4822 1372697
95.4917 1373233
95.5247 1373769
95.5294 1374305
95.671 1374841
95.6758 1375377
95.6852 1375913
95.8126 1376449
95.8174 1376985
95.874 1377521
95.8834 1378057
95.9873 1378593
95.9967 1379129
96.025 1379665
96.0345 1380201
96.1808 1380737
96.1855 1381273
96.313 1381809
96.3177 1382345
96.3885 1382881
96.3932 1383417
96.4782 1383953
96.4876 1384489
96.5254 1385025
96.5301 1385561
96.6906 1386097
96.6953 1386633
96.8322 1387169
96.8369 1387705
96.8982 1388241
96.9124 1388777
96.936 1389313
96.9974 1389849
97.0021 1390385
97.0446 1390921
97.0493 1391457
97.205 1391993
97.2098 1392529
97.3561 1393065
97.3608 1393601
97.4174 1394137
97.4222 1394673
97.4694 1395209
97.493 1395745
97.526 1396281
97.5307 1396817
97.5638 1397353
97.5732 1397889
97.7242 1398425
97.729 1398961
97.8753 1399497
97.88 1400033
97.9414 1400569
97.998 1401105
98.0122 1401641
98.0169 1402177
98.083 1402713
98.0877 1403249
98.1302 1403785
98.1349 1404321
98.1821 1404857
98.2434 1405393
98.2482 1405929
98.3945 1406465
98.3992 1407001
98.5125 1407537
98.5172 1408073
98.5786 1408609
98.6541 1409145
98.6588 1409681
98.6635 1410217
98.7343 1410753
98.739 1411289
98.8287 1411825
98.8429 1412361
98.909 1412897
98.9137 1413433
99.027 1413969
99.0317 1414505
99.0978 1415041
99.178 1415577
99.1827 1416113
99.2063 1416649
99.2535 1417185
99.2582 1417721
99.3526 1418257
99.3574 1418793
99.3621 1419329
99.4234 1419865
99.4282 1420401
99.5414 1420937
99.5462 1421473
99.6122 1422009
99.617 1422545
99.6925 1423081
99.7019 1423617
99.7633 1424153
99.768 1424689
99.8246 1425225
99.8341 1425761
99.8435 1426297
99.8482 1426833
99.9096 1427369
99.9143 1427905
